#HCal E mean via gaussian fit to neutron data obtained 4_18_2023
#
5.49644e-15
1.13555e-12
7.39621e-12
4.60959e-09
0.0157905
0.0255231
0.033305
0.0407796
0.053481
0.0594487
0.0631073
0.071807
0.0796173
0.0831016
0.0898326
0.0985237
0.109711
0.113744
0.12188
0.125032
0.136009
0.139214
0.148024
0.151626
0.157306
0.165459
0.176853
0.183034
0.179152
0.195413
0.19461
0.199999
0.207523
0.213207
0.223953
0.227401
0.229981
0.238552
0.249175
0.251142
0.258527
0.263792
0.274256
0.276113
0.280623
0.290105
0.297526
0.30136
0.308379
0.312882
0.31865
0.323593
0.331469
0.338333
0.346829
0.351671
0.359865
0.361495
0.365204
0.383638
0.379767
0.389012
0.392349
0.398746
0.409073
0.418531
0.420478
0.428864
0.436698
0.440908
0.440603
0.458408
0.457301
0.462654
0.467681
0.473782
0.488732
0.488078
0.497939
0.504711
0.51086
0.512807
0.524253
0.534071
0.542892
0.54644
0.552537
0.562045
0.562891
0.569149
0.580471
0.582679
0.585735
0.594701
0.604682
0.610897
0.611646
0.622267
0.625881
0.634462
0.634725
0.644402
0.655594
0.664851
0.662239
0.674005
0.682033
0.685344
0.697019
0.70476
0.718669
0.711026
0.724749
0.734183
0.735266
0.73734
0.747699
0.76149
0.767371
0.773596
0.775185
0.78514
0.795112
0.805073
0.805803
0.806081
0.825289
0.817063
0.838364
0.831794
0.83943
0.847008
0.85422
0.864183
0.867406
0.880065
0.88765
0.887226
0.894279
0.901987
0.91327
0.913127
0.926382
0.93356
0.946426
0.965081
0.946389
0.951646
0.968128
0.977872
