#HCal E mean via gaussian fit to proton data obtained 4_18_2023
#
0.0359948
0.0406252
0.0453223
0.0505258
0.0550684
0.0604847
0.062698
0.0672909
0.0721148
0.0752829
0.0833342
0.0875907
0.0921301
0.0952956
0.105008
0.10841
0.115401
0.120694
0.127538
0.132333
0.139594
0.143522
0.152018
0.155734
0.160656
0.166757
0.173255
0.177098
0.183197
0.193702
0.197487
0.202454
0.206291
0.21279
0.22079
0.228175
0.230375
0.237092
0.245443
0.249478
0.25451
0.264832
0.271786
0.274311
0.279686
0.287853
0.294865
0.301103
0.303974
0.313992
0.318701
0.322573
0.327724
0.333331
0.340796
0.348169
0.353324
0.360666
0.370513
0.374712
0.383979
0.385644
0.391763
0.399689
0.412084
0.407277
0.417038
0.42867
0.43304
0.443835
0.443156
0.451906
0.456281
0.459339
0.466184
0.473829
0.479444
0.484022
0.493624
0.496137
0.507864
0.504041
0.520926
0.524395
0.528815
0.539429
0.545175
0.546098
0.561684
0.558501
0.566474
0.571309
0.577876
0.58927
0.592958
0.60308
0.604021
0.611703
0.615739
0.620205
0.623897
0.637366
0.634859
0.647839
0.66191
0.656265
0.671658
0.671943
0.677039
0.693147
0.697537
0.700971
0.714466
0.719023
0.715092
0.722392
0.733768
0.739693
0.745836
0.754247
0.761635
0.769792
0.778641
0.780844
0.783461
0.799928
0.797971
0.805573
0.822771
0.823086
0.833291
0.838648
0.834167
0.850534
0.852708
0.866955
0.8689
0.872359
0.878943
0.885504
0.890714
0.900265
0.914324
0.911151
0.931719
0.933444
0.928681
0.945902
0.951816
0.955767
