#HCal position offsets obtained 4_21_2023
sbs.hcal.ypos =
-0.85217  -0.69723  -0.54229  -0.38735  -0.23241  -0.07747  0.07747  0.23241  0.38735  0.54229  0.69723  0.85217  
-0.85217  -0.69723  -0.54229  -0.38735  -0.23241  -0.07747  0.07747  0.23241  0.38735  0.54229  0.69723  0.85217  
-0.85217  -0.69723  -0.54229  -0.38735  -0.23241  -0.07747  0.07747  0.23241  0.38735  0.54229  0.69723  0.85217  
-0.85217  -0.69723  -0.54229  -0.38735  -0.23241  -0.07747  0.07747  0.23241  0.38735  0.54229  0.69723  0.85217  
-0.85217  -0.69723  -0.54229  -0.38735  -0.23241  -0.07747  0.07747  0.23241  0.38735  0.54229  0.69723  0.85217  
-0.85217  -0.69723  -0.54229  -0.38735  -0.23241  -0.07747  0.07747  0.23241  0.38735  0.54229  0.69723  0.85217  
-0.85217  -0.69723  -0.54229  -0.38735  -0.23241  -0.07747  0.07747  0.23241  0.38735  0.54229  0.69723  0.85217  
-0.85217  -0.69723  -0.54229  -0.38735  -0.23241  -0.07747  0.07747  0.23241  0.38735  0.54229  0.69723  0.85217  
-0.85217  -0.69723  -0.54229  -0.38735  -0.23241  -0.07747  0.07747  0.23241  0.38735  0.54229  0.69723  0.85217  
-0.85217  -0.69723  -0.54229  -0.38735  -0.23241  -0.07747  0.07747  0.23241  0.38735  0.54229  0.69723  0.85217  
-0.85217  -0.69723  -0.54229  -0.38735  -0.23241  -0.07747  0.07747  0.23241  0.38735  0.54229  0.69723  0.85217  
-0.85217  -0.69723  -0.54229  -0.38735  -0.23241  -0.07747  0.07747  0.23241  0.38735  0.54229  0.69723  0.85217  
-0.85217  -0.69723  -0.54229  -0.38735  -0.23241  -0.07747  0.07747  0.23241  0.38735  0.54229  0.69723  0.85217  
-0.85217  -0.69723  -0.54229  -0.38735  -0.23241  -0.07747  0.07747  0.23241  0.38735  0.54229  0.69723  0.85217  
-0.85217  -0.69723  -0.54229  -0.38735  -0.23241  -0.07747  0.07747  0.23241  0.38735  0.54229  0.69723  0.85217  
-0.85217  -0.69723  -0.54229  -0.38735  -0.23241  -0.07747  0.07747  0.23241  0.38735  0.54229  0.69723  0.85217  
-0.85217  -0.69723  -0.54229  -0.38735  -0.23241  -0.07747  0.07747  0.23241  0.38735  0.54229  0.69723  0.85217  
-0.85217  -0.69723  -0.54229  -0.38735  -0.23241  -0.07747  0.07747  0.23241  0.38735  0.54229  0.69723  0.85217  
-0.85217  -0.69723  -0.54229  -0.38735  -0.23241  -0.07747  0.07747  0.23241  0.38735  0.54229  0.69723  0.85217  
-0.85217  -0.69723  -0.54229  -0.38735  -0.23241  -0.07747  0.07747  0.23241  0.38735  0.54229  0.69723  0.85217  
-0.85217  -0.69723  -0.54229  -0.38735  -0.23241  -0.07747  0.07747  0.23241  0.38735  0.54229  0.69723  0.85217  
-0.85217  -0.69723  -0.54229  -0.38735  -0.23241  -0.07747  0.07747  0.23241  0.38735  0.54229  0.69723  0.85217  
-0.85217  -0.69723  -0.54229  -0.38735  -0.23241  -0.07747  0.07747  0.23241  0.38735  0.54229  0.69723  0.85217  
-0.85217  -0.69723  -0.54229  -0.38735  -0.23241  -0.07747  0.07747  0.23241  0.38735  0.54229  0.69723  0.85217  

sbs.hcal.xpos =
-2.537625  -2.537625  -2.537625  -2.537625  -2.537625  -2.537625  -2.537625  -2.537625  -2.537625  -2.537625  -2.537625  -2.537625  
-2.378875  -2.378875  -2.378875  -2.378875  -2.378875  -2.378875  -2.378875  -2.378875  -2.378875  -2.378875  -2.378875  -2.378875  
-2.220125  -2.220125  -2.220125  -2.220125  -2.220125  -2.220125  -2.220125  -2.220125  -2.220125  -2.220125  -2.220125  -2.220125  
-2.061375  -2.061375  -2.061375  -2.061375  -2.061375  -2.061375  -2.061375  -2.061375  -2.061375  -2.061375  -2.061375  -2.061375  
-1.902625  -1.902625  -1.902625  -1.902625  -1.902625  -1.902625  -1.902625  -1.902625  -1.902625  -1.902625  -1.902625  -1.902625  
-1.743875  -1.743875  -1.743875  -1.743875  -1.743875  -1.743875  -1.743875  -1.743875  -1.743875  -1.743875  -1.743875  -1.743875  
-1.585125  -1.585125  -1.585125  -1.585125  -1.585125  -1.585125  -1.585125  -1.585125  -1.585125  -1.585125  -1.585125  -1.585125  
-1.426375  -1.426375  -1.426375  -1.426375  -1.426375  -1.426375  -1.426375  -1.426375  -1.426375  -1.426375  -1.426375  -1.426375  
-1.267625  -1.267625  -1.267625  -1.267625  -1.267625  -1.267625  -1.267625  -1.267625  -1.267625  -1.267625  -1.267625  -1.267625  
-1.108875  -1.108875  -1.108875  -1.108875  -1.108875  -1.108875  -1.108875  -1.108875  -1.108875  -1.108875  -1.108875  -1.108875  
-0.950125  -0.950125  -0.950125  -0.950125  -0.950125  -0.950125  -0.950125  -0.950125  -0.950125  -0.950125  -0.950125  -0.950125  
-0.791375  -0.791375  -0.791375  -0.791375  -0.791375  -0.791375  -0.791375  -0.791375  -0.791375  -0.791375  -0.791375  -0.791375  
-0.632625  -0.632625  -0.632625  -0.632625  -0.632625  -0.632625  -0.632625  -0.632625  -0.632625  -0.632625  -0.632625  -0.632625  
-0.473875  -0.473875  -0.473875  -0.473875  -0.473875  -0.473875  -0.473875  -0.473875  -0.473875  -0.473875  -0.473875  -0.473875  
-0.315125  -0.315125  -0.315125  -0.315125  -0.315125  -0.315125  -0.315125  -0.315125  -0.315125  -0.315125  -0.315125  -0.315125  
-0.156375  -0.156375  -0.156375  -0.156375  -0.156375  -0.156375  -0.156375  -0.156375  -0.156375  -0.156375  -0.156375  -0.156375  
0.002375  0.002375  0.002375  0.002375  0.002375  0.002375  0.002375  0.002375  0.002375  0.002375  0.002375  0.002375  
0.161125  0.161125  0.161125  0.161125  0.161125  0.161125  0.161125  0.161125  0.161125  0.161125  0.161125  0.161125  
0.319875  0.319875  0.319875  0.319875  0.319875  0.319875  0.319875  0.319875  0.319875  0.319875  0.319875  0.319875  
0.478625  0.478625  0.478625  0.478625  0.478625  0.478625  0.478625  0.478625  0.478625  0.478625  0.478625  0.478625  
0.637375  0.637375  0.637375  0.637375  0.637375  0.637375  0.637375  0.637375  0.637375  0.637375  0.637375  0.637375  
0.796125  0.796125  0.796125  0.796125  0.796125  0.796125  0.796125  0.796125  0.796125  0.796125  0.796125  0.796125  
0.954875  0.954875  0.954875  0.954875  0.954875  0.954875  0.954875  0.954875  0.954875  0.954875  0.954875  0.954875  
1.113625  1.113625  1.113625  1.113625  1.113625  1.113625  1.113625  1.113625  1.113625  1.113625  1.113625  1.113625  
