#HCal position offsets obtained 4_21_2023
sbs.hcal.ypos =
-0.85217  -0.69723  -0.54229  -0.38735  -0.23241  -0.07747  0.07747  0.23241  0.38735  0.54229  0.69723  0.85217  
-0.85217  -0.69723  -0.54229  -0.38735  -0.23241  -0.07747  0.07747  0.23241  0.38735  0.54229  0.69723  0.85217  
-0.85217  -0.69723  -0.54229  -0.38735  -0.23241  -0.07747  0.07747  0.23241  0.38735  0.54229  0.69723  0.85217  
-0.85217  -0.69723  -0.54229  -0.38735  -0.23241  -0.07747  0.07747  0.23241  0.38735  0.54229  0.69723  0.85217  
-0.85217  -0.69723  -0.54229  -0.38735  -0.23241  -0.07747  0.07747  0.23241  0.38735  0.54229  0.69723  0.85217  
-0.85217  -0.69723  -0.54229  -0.38735  -0.23241  -0.07747  0.07747  0.23241  0.38735  0.54229  0.69723  0.85217  
-0.85217  -0.69723  -0.54229  -0.38735  -0.23241  -0.07747  0.07747  0.23241  0.38735  0.54229  0.69723  0.85217  
-0.85217  -0.69723  -0.54229  -0.38735  -0.23241  -0.07747  0.07747  0.23241  0.38735  0.54229  0.69723  0.85217  
-0.85217  -0.69723  -0.54229  -0.38735  -0.23241  -0.07747  0.07747  0.23241  0.38735  0.54229  0.69723  0.85217  
-0.85217  -0.69723  -0.54229  -0.38735  -0.23241  -0.07747  0.07747  0.23241  0.38735  0.54229  0.69723  0.85217  
-0.85217  -0.69723  -0.54229  -0.38735  -0.23241  -0.07747  0.07747  0.23241  0.38735  0.54229  0.69723  0.85217  
-0.85217  -0.69723  -0.54229  -0.38735  -0.23241  -0.07747  0.07747  0.23241  0.38735  0.54229  0.69723  0.85217  
-0.85217  -0.69723  -0.54229  -0.38735  -0.23241  -0.07747  0.07747  0.23241  0.38735  0.54229  0.69723  0.85217  
-0.85217  -0.69723  -0.54229  -0.38735  -0.23241  -0.07747  0.07747  0.23241  0.38735  0.54229  0.69723  0.85217  
-0.85217  -0.69723  -0.54229  -0.38735  -0.23241  -0.07747  0.07747  0.23241  0.38735  0.54229  0.69723  0.85217  
-0.85217  -0.69723  -0.54229  -0.38735  -0.23241  -0.07747  0.07747  0.23241  0.38735  0.54229  0.69723  0.85217  
-0.85217  -0.69723  -0.54229  -0.38735  -0.23241  -0.07747  0.07747  0.23241  0.38735  0.54229  0.69723  0.85217  
-0.85217  -0.69723  -0.54229  -0.38735  -0.23241  -0.07747  0.07747  0.23241  0.38735  0.54229  0.69723  0.85217  
-0.85217  -0.69723  -0.54229  -0.38735  -0.23241  -0.07747  0.07747  0.23241  0.38735  0.54229  0.69723  0.85217  
-0.85217  -0.69723  -0.54229  -0.38735  -0.23241  -0.07747  0.07747  0.23241  0.38735  0.54229  0.69723  0.85217  
-0.85217  -0.69723  -0.54229  -0.38735  -0.23241  -0.07747  0.07747  0.23241  0.38735  0.54229  0.69723  0.85217  
-0.85217  -0.69723  -0.54229  -0.38735  -0.23241  -0.07747  0.07747  0.23241  0.38735  0.54229  0.69723  0.85217  
-0.85217  -0.69723  -0.54229  -0.38735  -0.23241  -0.07747  0.07747  0.23241  0.38735  0.54229  0.69723  0.85217  
-0.85217  -0.69723  -0.54229  -0.38735  -0.23241  -0.07747  0.07747  0.23241  0.38735  0.54229  0.69723  0.85217  

sbs.hcal.xpos =
-2.53763  -2.53763  -2.53763  -2.53763  -2.53763  -2.53763  -2.53763  -2.53763  -2.53763  -2.53763  -2.53763  -2.53763  
-2.37888  -2.37888  -2.37888  -2.37888  -2.37888  -2.37888  -2.37888  -2.37888  -2.37888  -2.37888  -2.37888  -2.37888  
-2.22013  -2.22013  -2.22013  -2.22013  -2.22013  -2.22013  -2.22013  -2.22013  -2.22013  -2.22013  -2.22013  -2.22013  
-2.06138  -2.06138  -2.06138  -2.06138  -2.06138  -2.06138  -2.06138  -2.06138  -2.06138  -2.06138  -2.06138  -2.06138  
-1.90263  -1.90263  -1.90263  -1.90263  -1.90263  -1.90263  -1.90263  -1.90263  -1.90263  -1.90263  -1.90263  -1.90263  
-1.74388  -1.74388  -1.74388  -1.74388  -1.74388  -1.74388  -1.74388  -1.74388  -1.74388  -1.74388  -1.74388  -1.74388  
-1.58513  -1.58513  -1.58513  -1.58513  -1.58513  -1.58513  -1.58513  -1.58513  -1.58513  -1.58513  -1.58513  -1.58513  
-1.42638  -1.42638  -1.42638  -1.42638  -1.42638  -1.42638  -1.42638  -1.42638  -1.42638  -1.42638  -1.42638  -1.42638  
-1.26763  -1.26763  -1.26763  -1.26763  -1.26763  -1.26763  -1.26763  -1.26763  -1.26763  -1.26763  -1.26763  -1.26763  
-1.10888  -1.10888  -1.10888  -1.10888  -1.10888  -1.10888  -1.10888  -1.10888  -1.10888  -1.10888  -1.10888  -1.10888  
-0.950125  -0.950125  -0.950125  -0.950125  -0.950125  -0.950125  -0.950125  -0.950125  -0.950125  -0.950125  -0.950125  -0.950125  
-0.791375  -0.791375  -0.791375  -0.791375  -0.791375  -0.791375  -0.791375  -0.791375  -0.791375  -0.791375  -0.791375  -0.791375  
-0.632625  -0.632625  -0.632625  -0.632625  -0.632625  -0.632625  -0.632625  -0.632625  -0.632625  -0.632625  -0.632625  -0.632625  
-0.473875  -0.473875  -0.473875  -0.473875  -0.473875  -0.473875  -0.473875  -0.473875  -0.473875  -0.473875  -0.473875  -0.473875  
-0.315125  -0.315125  -0.315125  -0.315125  -0.315125  -0.315125  -0.315125  -0.315125  -0.315125  -0.315125  -0.315125  -0.315125  
-0.156375  -0.156375  -0.156375  -0.156375  -0.156375  -0.156375  -0.156375  -0.156375  -0.156375  -0.156375  -0.156375  -0.156375  
0.002375  0.002375  0.002375  0.002375  0.002375  0.002375  0.002375  0.002375  0.002375  0.002375  0.002375  0.002375  
0.161125  0.161125  0.161125  0.161125  0.161125  0.161125  0.161125  0.161125  0.161125  0.161125  0.161125  0.161125  
0.319875  0.319875  0.319875  0.319875  0.319875  0.319875  0.319875  0.319875  0.319875  0.319875  0.319875  0.319875  
0.478625  0.478625  0.478625  0.478625  0.478625  0.478625  0.478625  0.478625  0.478625  0.478625  0.478625  0.478625  
0.637375  0.637375  0.637375  0.637375  0.637375  0.637375  0.637375  0.637375  0.637375  0.637375  0.637375  0.637375  
0.796125  0.796125  0.796125  0.796125  0.796125  0.796125  0.796125  0.796125  0.796125  0.796125  0.796125  0.796125  
0.954875  0.954875  0.954875  0.954875  0.954875  0.954875  0.954875  0.954875  0.954875  0.954875  0.954875  0.954875  
1.11362  1.11362  1.11362  1.11362  1.11362  1.11362  1.11362  1.11362  1.11362  1.11362  1.11362  1.11362  
