#HCal gain coefficients from SBS-14 obtained 3_30_2023
sbs.hcal.adc.gain =
0  0  0  0  0  0  0  0  0  0  0  0  
0  0.0028114  0.00168388  0.00165362  0.00176223  0.00191629  0.00127553  0.00033258  0.000987108  0.00208857  0.00104803  0.00256277  
0.00175  0.000549083  0.000775478  0.00442065  0.00258831  0.00494617  0.00128529  0.00207281  0.00138078  0.00254466  0.000868816  0.0031688  
0.00175  0.00165191  0.0021764  0.00212841  0.00198702  0.00189607  0.00256706  0.00366797  0.00182842  0.00342251  0.00301538  0.00296845  
0.00175  0.00252655  0.00283923  0.0023337  0.00223751  0.00158411  0.0027284  0.00225524  0.00344816  0.00279704  0.00337447  0.00272894  
0.00539881  0.00488097  0.00335483  0.00229536  0.00248509  0.00273405  0.00236282  0.00257491  0.00219291  0.00166954  0.00328149  0.00254265  
0.00169373  0.000456589  0.000193289  0.000625858  0.00183406  0.0018025  0.00293563  0.00230933  0.00241573  0.00239109  0.00227851  0.00612074  
0.0030827  0.00312109  0.00226237  0.00265706  0.00242545  0.0020049  0.00270662  0.00267814  0.00284806  0.00251039  0.00290511  0.00326762  
0.000922817  0.00261391  0.00202307  0.00236802  0.00298865  0.00234485  0.00222066  0.00275161  0.00261441  0.00288247  0.004789  0.00300717  
0.000271313  0.00196184  0.00253123  0.00300286  0.00265223  0.00238791  0.0030046  0.00276733  0.00251686  0.00245683  0.00167764  0.00305697  
0.00247769  0.00322691  0.00242075  0.0027007  0.00260908  0.00277459  0.0028544  0.00270173  0.00262339  0.0028019  0.0012648  0.00538236  
0.00157274  0.00267579  0.00207231  0.00265826  0.00281092  0.00285955  0.00225815  0.00270488  0.0024998  0.00283968  0.00486787  0.00372126  
0.000449533  0.000498657  0.000839221  0.000634621  0.00079159  0.00137681  0.00288436  0.00260981  0.00253399  0.0020927  0.00252167  0.00244154  
0.00543512  0.00145329  0.0024244  0.00143854  0.00148153  0.00260386  0.00220043  0.00308078  0.00199639  0.00296227  0.00346623  0.00259561  
0.00115784  0.00317763  0.00175302  0.00229347  0.00269827  0.00265232  0.00250627  0.00257606  0.00228467  0.000146326  0.00341643  0.0042445  
0.00335189  0.00197603  0.00301274  0.00225008  0.00232604  0.00176954  0.00264473  0.00308585  0.00250842  0.00351764  0.00269524  0.00356526  
0.00447517  0.00115145  0.00273911  0.00239762  0.00178165  0.00255837  0.00246565  0.0012047  0.00144044  0.00174364  0.00357932  0.00340549  
0.00274887  0.0021081  0.00253146  0.00151823  0.00275602  0.0018865  0.00278363  0.00327626  0.00252962  0.00201712  0.00363895  0.00299214  
0.0050249  0.00360517  0.00286913  0.00246682  0.00292424  0.00213905  0.00249807  0.0030407  0.001609  0.00234856  0.00395956  0.00478733  
0.00432152  0.00300227  0.00230117  0.00224309  0.00345952  0.00208681  0.00216674  0.00192251  0.00287924  0.00263711  0.00281329  0.00372496  
0.0045194  0.00271234  0.000218915  0.00208248  0.00218311  0.00219096  0.00206527  0.00306425  0.00303448  0.00218169  0.00271732  0.00410904  
0.00265122  0.00132603  0.00291784  0.00333816  0.00318485  0.00317885  0.00307468  0.00276074  0.00267686  0.00146291  0.00267179  0.00338812  
0.00175  0.0039503  0.00260093  0.0024333  0.00252718  0.00316758  0.00235997  0.00239385  0.00263458  0.00297045  0.00344367  0.00308539  
0.00731553  0.00733844  0.00209338  0.0010918  0.00272237  0.00274204  0.00362374  0.00321225  0.00163467  0.00334515  0.00450925  0.00416878  

#One Block Std = 
0  0  0  0  0  0  0  0  0  0  0  0  
0  0.0028114  0.00168388  0.00165362  0.00176223  0.00191629  0.00127553  0.00033258  0.000987108  0.00208857  0.00104803  0.00256277  
0.00175  0.000549083  0.000775478  0.00143323  0.00133923  0.00150582  0.000878316  0.00116677  0.00122135  0.00180183  0.000868816  0.0031688  
0.00175  0.00165191  0.00138037  0.00117046  0.00117154  0.00130065  0.00149967  0.00168174  0.00171157  0.00208062  0.00191594  0.00296845  
0.00175  0.00131023  0.0015652  0.00146996  0.00149789  0.00122581  0.0015918  0.0015631  0.00183514  0.00202092  0.00184944  0.00272894  
0.00539881  0.00224432  0.00157432  0.00144749  0.00150163  0.00162213  0.00117414  0.00165062  0.00156161  0.00147743  0.00173477  0.00254265  
0.00169373  0.000275533  0.000298944  0.000599265  0.00105645  0.00086871  0.00160354  0.00151191  0.00183094  0.00200068  0.00173649  0.00311957  
0.0030827  0.00186074  0.00144928  0.00160785  0.00141713  0.00129993  0.00175116  0.00180068  0.00199998  0.00208202  0.00197725  0.00326762  
0.00512732  0.00154451  0.000979505  0.00125333  0.00154216  0.00139283  0.00116208  0.00143264  0.00162997  0.00190801  0.00176975  0.00300717  
0.00260136  0.00148176  0.00146341  0.00166698  0.0014947  0.00141715  0.00175344  0.00170741  0.00169573  0.00209187  0.00155949  0.00305697  
0.00607633  0.00171058  0.00137975  0.00161664  0.00163906  0.00177731  0.00175405  0.00177746  0.00180745  0.00197599  0.00126722  0.00216883  
0.0072298  0.00174206  0.00140851  0.00154404  0.00161964  0.00169163  0.00147921  0.00176682  0.00154032  0.00213906  0.00240923  0.00372126  
0.000449533  0.000488912  0.000590922  0.000582451  0.000745794  0.00101917  0.00161642  0.00168821  0.00159181  0.00142471  0.00228241  0.0035386  
0.00660769  0.00120219  0.00137378  0.00110814  0.00151093  0.00150119  0.00135809  0.00178457  0.00133372  0.00214296  0.00270455  0.00379699  
0.00212358  0.0017905  0.00117037  0.00140173  0.00156192  0.00156128  0.00162737  0.00171791  0.00172918  0.000244951  0.00250264  0.00341337  
0.00335189  0.00127896  0.00148071  0.00133853  0.00136398  0.00118429  0.00160078  0.00182872  0.00147448  0.00191438  0.00274045  0.00356526  
0.00349821  0.000794794  0.00150729  0.00127622  0.00111391  0.00139497  0.00137369  0.000975249  0.00109081  0.00155438  0.00195526  0.00340549  
0.00274887  0.00140077  0.00135238  0.00107242  0.0015003  0.00127913  0.00167818  0.00187533  0.0015864  0.0015361  0.00244788  0.00366691  
0.0050249  0.00292725  0.00159332  0.00131823  0.00154002  0.00129025  0.00152842  0.00172602  0.00125051  0.00149605  0.0020386  0.0037875  
0.00432152  0.00164664  0.00152238  0.00133137  0.0018508  0.00123938  0.00137083  0.00119434  0.0016172  0.00155701  0.00168128  0.00372496  
0.0045194  0.00171242  0.000476805  0.001309  0.00130803  0.00128104  0.00124791  0.00160076  0.00154403  0.00131706  0.00138985  0.00410904  
0.00265122  0.00116889  0.00190811  0.00166903  0.00179654  0.00185825  0.00169268  0.00158463  0.00158704  0.00105741  0.00183152  0.00338812  
0.00175  0.00403728  0.00184311  0.00188862  0.00164165  0.00163744  0.00149042  0.00142973  0.00163888  0.00171401  0.00262937  0.00308539  
0.00731553  0.00733844  0.00269888  0.00236267  0.00204097  0.00246712  0.00241754  0.00240661  0.00195007  0.00151657  0.00263376  0.00416878  

#Number of events available for calibration = 
0  0  0  0  0  0  0  0  0  0  0  0  
0  1  3  11  6  8  5  1  5  5  1  0  
1  7  17  42  52  59  33  33  40  41  22  3  
3  28  73  141  228  261  170  106  90  71  52  10  
8  40  131  323  674  690  504  286  211  147  81  14  
11  66  191  598  1122  1282  882  679  426  269  105  27  
13  43  195  714  1564  1880  1861  1247  757  307  143  34  
25  133  418  1203  2424  2979  2685  1711  821  368  113  17  
34  175  444  1451  2799  3558  2561  1774  935  345  114  26  
49  191  694  1882  3326  3874  3460  2183  926  404  174  25  
41  251  780  2286  3984  4627  3861  2375  1058  402  123  35  
41  256  862  2114  4000  4910  4136  2669  1087  426  152  28  
19  173  666  1393  3236  4114  4211  2791  1153  378  180  45  
43  235  824  2240  3911  4723  4239  2811  1193  403  169  48  
49  244  785  2074  3920  4935  4332  2892  1252  253  171  39  
51  241  686  1806  3498  4474  4378  3070  1307  522  242  50  
46  206  552  1422  2827  4093  4033  2796  1559  598  228  49  
42  184  457  1099  2427  3444  3992  2992  1572  675  221  53  
39  190  437  1002  1800  2374  2837  2204  1214  501  223  41  
28  135  344  700  1213  1648  1759  1233  729  373  130  22  
18  104  230  496  879  1146  1103  858  503  257  123  29  
20  81  194  396  728  1016  992  726  450  270  113  26  
0  67  141  240  451  635  620  507  334  188  89  19  
5  29  35  79  135  184  182  157  111  53  33  2  
