#HCal gain coefficients from SBS-8 obtained 3_30_2023
sbs.hcal.adc.gain =
0.00230507  0.000644773  0.00211603  0.00278283  0.00152198  0.0024977  0.00336854  0.0046701  0.00358556  0.0031809  0.00375701  0.00509184  
0.00341737  0.00330179  0.00294595  0.00295044  0.00344952  0.00355034  0.00194302  0.000706274  0.00257336  0.00195904  0.0015308  0.000950148  
0.00467418  0.000612349  0.00121264  0.00295287  0.00260643  0.00308872  0.00129878  0.00152503  0.00186974  0.00203734  0.000490652  0.00347622  
0.00294469  0.00303086  0.0021502  0.00230444  0.00213175  0.00224623  0.00327283  0.00351725  0.00307495  0.00310074  0.00287422  0.000645594  
0.00321496  0.00229888  0.00286851  0.00297112  0.00265642  0.00195189  0.00290032  0.00297174  0.00306937  0.00310198  0.0024927  0.0017066  
0.00201362  0.00343834  0.00299336  0.00284007  0.00291941  0.00342062  0.00277614  0.00321011  0.00274082  0.00164798  0.00264036  0.00194278  
0.0010016  0.000351184  0.000311219  0.000809903  0.00188443  0.00186582  0.00335858  0.0025812  0.0029093  0.00313126  0.0023398  0.00092222  
0.00201181  0.0031015  0.00277555  0.00321901  0.00277105  0.00244097  0.0032836  0.00331018  0.00343519  0.00256967  0.00322238  0.00131607  
0.00187376  0.00315384  0.00209499  0.00272085  0.0034843  0.00279081  0.00250853  0.00328156  0.00286114  0.00311873  0.00355962  0.000471266  
0.00134339  0.0023466  0.00265012  0.00328602  0.00307863  0.00285779  0.00342962  0.00297658  0.00289953  0.00252029  0.00225591  0.00209551  
0.000897282  0.00314913  0.00256316  0.00314254  0.00301768  0.00332002  0.00336265  0.00328215  0.00307121  0.00329893  0.00138674  0.0012668  
0.000929856  0.00291512  0.00233942  0.00282562  0.0033014  0.00327594  0.00264643  0.00316087  0.00263631  0.00328026  0.00422456  0.00179847  
0.000425905  0.000550409  0.000856777  0.000767833  0.0010066  0.00161556  0.00345356  0.00320733  0.00307586  0.00195473  0.00223199  0.0023339  
0.00356337  0.00191814  0.00250381  0.00176621  0.00173946  0.00304534  0.00252757  0.00349835  0.0022989  0.00316347  0.00324048  0.00135305  
0.00119094  0.00325539  0.00195784  0.00264293  0.00322427  0.00302418  0.00302934  0.00311148  0.00290857  0.000171942  0.00293443  0.00232365  
0.00317155  0.00205772  0.00293223  0.00248217  0.00279587  0.00213676  0.00314398  0.00355581  0.00278024  0.00328395  0.002745  0.00175505  
0.00238142  0.00103974  0.00314978  0.00268753  0.00195289  0.00297127  0.00291349  0.00148286  0.00165121  0.00218185  0.0029798  0.000696145  
0.00221158  0.00243936  0.00273776  0.00207935  0.00302285  0.00245661  0.00316202  0.00382212  0.00296419  0.00239067  0.00378563  0.00188064  
0.00164188  0.00409301  0.00304293  0.00253298  0.00334103  0.00260401  0.00294814  0.0035088  0.00192854  0.00278636  0.00319479  0.00212985  
0.00160679  0.00294293  0.00259114  0.00271032  0.00417052  0.00236797  0.00249988  0.00220248  0.00307893  0.00286383  0.00313806  0.00308464  
0.001831  0.00260949  0.00058595  0.00249179  0.00255356  0.00257092  0.00256272  0.00351885  0.00304591  0.00210064  0.00202862  0.00245799  
0.00241854  0.001481  0.0030878  0.00321121  0.00355211  0.00345568  0.00322973  0.00325736  0.00290258  0.00136031  0.00281972  0.00137578  
0.00175  0.00426479  0.00242751  0.00292596  0.00295483  0.00329072  0.00280982  0.00283294  0.00318206  0.00299363  0.00355583  0.0020162  
0.00133721  0.000545699  0.00184121  0.00177007  0.00290367  0.00238031  0.00417862  0.00217411  0.00273849  0.00253076  0.00182165  0.00315605  

#One Block Std = 
0.00175  0.00266867  0.00263163  0.00180382  0.00263728  0.00185798  0.0024062  0.00332779  0.00145959  0.00145491  0.00222524  0.00374568  
0.00175  0.00406945  0.00375225  0.00411883  0.00455428  0.00483768  0.00280543  0.00103655  0.00442657  0.00453335  0.00104803  0.00256277  
0.00175  0.00117137  0.00225969  0.00371575  0.00358179  0.00413172  0.00225116  0.00300381  0.00329993  0.00383699  0.00159968  0.0031688  
0.00175  0.00361386  0.00272309  0.00322101  0.00296805  0.00319813  0.00416329  0.00471965  0.00439624  0.00487772  0.00405924  0.00296845  
0.00175  0.00349664  0.00391417  0.0037141  0.00339865  0.0028432  0.00405082  0.00442296  0.00469017  0.00528815  0.00368311  0.00272894  
0.00539881  0.0043108  0.00362654  0.00328358  0.00362266  0.00426471  0.00353935  0.00432346  0.00409045  0.00273215  0.00446264  0.00254265  
0.00169373  0.000473175  0.000494652  0.00116901  0.00263889  0.00272828  0.00443521  0.00353174  0.00428622  0.00480193  0.00387282  0.00311957  
0.0030827  0.0039229  0.00337116  0.0039162  0.00349293  0.00314001  0.00400521  0.00443703  0.00495303  0.00398975  0.00556398  0.00326762  
0.00512732  0.00386128  0.00259643  0.00326188  0.00418078  0.0033812  0.00301149  0.00405374  0.00392077  0.00473527  0.00503042  0.00300717  
0.00260136  0.0031196  0.00322279  0.0039303  0.00370635  0.00333625  0.00412943  0.00384457  0.00408194  0.00386241  0.00332001  0.00305697  
0.00607633  0.0038716  0.00304495  0.00372762  0.00363521  0.00394641  0.00403887  0.00412138  0.00416679  0.00476999  0.00307417  0.00216883  
0.0072298  0.003343  0.00266531  0.00282011  0.0036195  0.00364032  0.00301642  0.00384278  0.00362307  0.00468088  0.0066311  0.00372126  
0.000449533  0.000655874  0.000895512  0.000812292  0.00101952  0.00137773  0.0032532  0.00391281  0.00387044  0.00274932  0.00373697  0.0035386  
0.00660769  0.00220486  0.00278809  0.00202335  0.00181432  0.00335455  0.00264316  0.004152  0.00297232  0.00399701  0.00536107  0.00379699  
0.00212358  0.00388676  0.00222389  0.00288271  0.0036226  0.00330689  0.00351899  0.00373391  0.00355242  0.000263928  0.00536722  0.00341337  
0.00335189  0.00271766  0.00334313  0.0027537  0.00287414  0.00222087  0.00356033  0.00421443  0.0032291  0.00420403  0.00484146  0.00356526  
0.00349821  0.00133844  0.0036152  0.00285693  0.00187339  0.00291754  0.00291399  0.00139826  0.00204575  0.0030295  0.00468039  0.00340549  
0.00274887  0.00302478  0.0031031  0.00226095  0.00328622  0.00223803  0.00353837  0.00431159  0.00364961  0.00331425  0.00621379  0.00366691  
0.0050249  0.00519752  0.00352033  0.00289685  0.00364664  0.00260199  0.00308756  0.00399296  0.00247243  0.00370828  0.00450526  0.0037875  
0.00432152  0.00362114  0.00305081  0.00300846  0.00448791  0.00250168  0.00264579  0.00229029  0.00351403  0.00361718  0.00438347  0.00372496  
0.0045194  0.00320812  0.000688825  0.0026867  0.0026417  0.00273204  0.00257956  0.00381802  0.00366947  0.00277562  0.00276339  0.00410904  
0.00265122  0.00216783  0.00372076  0.00366429  0.00393536  0.00370145  0.00359719  0.00370952  0.00352972  0.00184014  0.00417303  0.00338812  
0.00175  0.00568207  0.00302314  0.00355914  0.00362713  0.00365355  0.0031176  0.00321767  0.00391282  0.00382144  0.00554133  0.00308539  
0.00731553  0.00733844  0.00269888  0.00236267  0.00204097  0.00246712  0.00241754  0.00240661  0.00195007  0.00151657  0.00263376  0.00416878  

#Number of events available for calibration = 
408  2273  4922  7852  8629  6864  3628  1165  1025  1502  727  86  
999  7812  17215  28174  29767  24993  12930  3137  4142  6830  2250  410  
215  7324  22765  42125  42748  37803  16099  13790  13402  11878  4117  599  
1972  14391  38204  46868  52968  50091  36936  26338  19238  13959  5350  784  
2446  16180  41034  56634  64418  59281  48233  34093  25837  15461  5886  659  
1981  18423  42257  60090  59944  58059  47945  41361  30095  18774  5792  876  
2669  8933  25391  42693  50007  45476  51971  44547  34595  19982  7251  1525  
2911  20896  47003  66384  71821  65491  59560  47458  33735  21444  6704  955  
3033  22134  45237  68829  73164  70906  48484  45489  35650  21025  6386  881  
4638  26599  63213  81390  81493  74931  67292  55520  37298  23779  7453  729  
3432  29054  66028  90247  93305  83535  73248  60596  42225  22853  6313  911  
3383  29131  70725  85674  85559  83631  75269  63098  42338  23338  7223  948  
2460  18575  55763  42125  59541  63001  71494  61515  42325  21632  7933  920  
2936  22759  60559  87002  84228  77149  72231  62095  40788  23656  7840  1040  
4310  23665  56537  81045  83293  82018  73912  61924  43815  16288  7958  1148  
3533  22957  58050  77088  78352  74875  73302  63043  43541  24595  9728  1342  
3793  22156  54744  76403  77018  77952  68441  55770  50805  30195  9481  1462  
3820  20303  48623  68924  85072  81858  82124  67143  52701  33503  10975  1310  
2814  16613  46122  69645  80171  81109  82252  69086  58618  33996  11942  1445  
2618  15725  39867  57668  68603  77189  78806  63959  54901  36495  12353  1519  
2282  13836  34079  46378  58429  73465  67015  65570  57507  40725  15140  1701  
2218  12206  29281  41832  54998  67999  70209  61558  55616  41949  14762  2113  
0  9740  21744  31132  38176  44282  43161  40357  39322  27179  10632  1320  
467  1992  5732  8544  9742  11843  10944  11422  10371  6723  2755  370  
