#HCal gain coefficients from SBS-4 obtained 3_29_2023
sbs.hcal.adc.gain =
0.00175  0.00058443  0.00222432  0.00278781  0.00141687  0.00266948  0.0045079  0.00656102  0.00403126  0.00181321  0.0053662  0.00374568  
0.00175  0.00415292  0.00178169  0.00218451  0.00293315  0.00352876  0.00183794  0.000292827  0.00125121  0.00198036  0.00141854  0.00293469  
0.00175  0.000233265  0.000485955  0.00208958  0.00166011  0.00237296  0.000346052  0.00109383  0.00156211  0.00232935  0.000393767  0.00460803  
0.00171632  0.00161084  0.00188763  0.00131612  0.001734  0.00186817  0.00272668  0.00278058  0.0027778  0.00303633  0.0025406  0.00180093  
0.00424028  0.00122283  0.0019645  0.00207111  0.00229427  0.00178025  0.00243345  0.00231105  0.00283464  0.00306179  0.00241806  0.00214807  
0.00107737  0.00264584  0.00208716  0.00216252  0.00234726  0.00274798  0.0017399  0.00266387  0.00247032  0.00149258  0.00218826  0.00292072  
0.00169044  0.000146492  0.000122449  0.000423724  0.00114852  0.000978303  0.00274055  0.00230618  0.00291143  0.00301026  0.00212902  0.00199859  
0.00394754  0.00161013  0.00179143  0.00216903  0.00233855  0.00205251  0.00290763  0.00299693  0.00329358  0.00308902  0.00273149  0.0036574  
0.00157529  0.00153591  0.0010162  0.00160671  0.0025658  0.00242871  0.00200471  0.00237503  0.00260674  0.00276104  0.00263548  0.00224541  
0.00152819  0.0013803  0.0018411  0.00251417  0.00257329  0.00241445  0.00306474  0.00284077  0.00279835  0.00296688  0.00227622  0.00276503  
0.00238312  0.00170587  0.00171539  0.00227919  0.00273302  0.00283051  0.0028265  0.00296962  0.00286057  0.00311663  0.00149511  0.00263428  
0.00167333  0.00191283  0.00172338  0.00245347  0.00325804  0.00348356  0.00270787  0.00292857  0.00247412  0.0033094  0.00346494  0.00210758  
0.000454098  0.000164011  0.000506105  0.000465518  0.000682307  0.00137297  0.00324259  0.00275144  0.00263848  0.0016675  0.00220947  0.00204441  
0.00518418  0.00116801  0.00189619  0.00175844  0.00164001  0.00270178  0.0022854  0.00288629  0.00218583  0.00283408  0.00296493  0.00149495  
0.00176668  0.00187477  0.00151959  0.00213283  0.00271368  0.00257735  0.00263606  0.00277226  0.00259295  0.000221688  0.00254536  0.00191721  
0.0031097  0.00108819  0.00212793  0.00205705  0.0024154  0.00205947  0.00287378  0.00306613  0.0022908  0.00249895  0.00299943  0.00221331  
0.00272451  0.000644929  0.00195507  0.00213211  0.00153696  0.00264401  0.00223753  0.00133787  0.00159179  0.00168377  0.00219853  0.00120276  
0.00190742  0.00133878  0.0017975  0.00150099  0.00262624  0.00222908  0.00297746  0.00317343  0.00248509  0.00194684  0.00300264  0.00265739  
0.0030871  0.00356052  0.00240331  0.00205278  0.00314367  0.00227937  0.00248241  0.00284585  0.00186643  0.00198175  0.00215359  0.00179671  
0.00213073  0.00187365  0.00196725  0.00226806  0.00366394  0.00214717  0.00244841  0.00168324  0.00244195  0.00214929  0.00191171  0.00221909  
0.00427955  0.00178582  0.000382063  0.00216874  0.00151805  0.00255156  0.00139318  0.00282379  0.00246142  0.00173615  0.00163429  0.00254632  
0.0043351  0.00123934  0.00301644  0.00291798  0.00333166  0.0035661  0.00302282  0.00267667  0.00254519  0.00136217  0.00218136  0.00200217  
0.00175  0.00416375  0.00254263  0.00275994  0.00295191  0.0032552  0.00261428  0.00228991  0.00275103  0.0021696  0.00343656  0.00314327  
0.00731553  0.00100861  0.00156825  0.00239794  0.00258004  0.00255047  0.00397189  0.00203885  0.00275821  0.00246508  0.00215367  0.00254222  

#One Block Std = 
0.00175  0.00266867  0.00263163  0.00180382  0.00263728  0.00185798  0.0024062  0.00332779  0.00145959  0.00145491  0.00222524  0.00374568  
0.00175  0.0028114  0.00209606  0.00311152  0.00402221  0.00432943  0.0026256  0.000319872  0.00219669  0.00460547  0.00153748  0.00256277  
0.00175  0.000549083  0.00083413  0.00285485  0.00248251  0.0031573  0.00126628  0.0017005  0.00258304  0.00339997  0.000949622  0.0031688  
0.00175  0.00213697  0.00227616  0.00184649  0.00227732  0.00260173  0.00312191  0.00343744  0.00398145  0.00418037  0.00310052  0.00296845  
0.00175  0.00187648  0.00247141  0.00246478  0.00278036  0.00235054  0.00304705  0.00292684  0.00364715  0.00378487  0.00284455  0.00272894  
0.00539881  0.00331553  0.00255462  0.00246471  0.00274214  0.00318067  0.00222012  0.0032099  0.00315167  0.00216194  0.00295139  0.00254265  
0.00169373  0.000269139  0.000190346  0.000652849  0.00157926  0.00147803  0.00331622  0.00277078  0.00342506  0.00373618  0.00270108  0.00311957  
0.0030827  0.00187572  0.00231198  0.00249524  0.00274193  0.0024224  0.00316124  0.00360588  0.00414076  0.00380496  0.00328994  0.00326762  
0.00512732  0.00193506  0.0012777  0.00191977  0.00296546  0.0026696  0.00224448  0.00263317  0.00297616  0.00343064  0.00340685  0.00300717  
0.00260136  0.0017452  0.0022019  0.00289505  0.00285867  0.00259714  0.0033987  0.00316555  0.00317861  0.00337443  0.002765  0.00305697  
0.00607633  0.00194257  0.00211941  0.00255353  0.00298327  0.00295595  0.0030156  0.0032368  0.00330658  0.00367228  0.00208534  0.00216883  
0.0072298  0.00236084  0.00184941  0.00249534  0.00324377  0.0034782  0.00283775  0.00317768  0.00278143  0.00388868  0.00422479  0.00372126  
0.000449533  0.000298804  0.000541425  0.00062703  0.000619076  0.00106588  0.0032312  0.00292957  0.00293847  0.00192628  0.00292918  0.0035386  
0.00660769  0.00155852  0.0020472  0.00179572  0.00166121  0.00267602  0.00233508  0.00315488  0.00234339  0.00310763  0.00349746  0.00379699  
0.00212358  0.00234534  0.00182174  0.00219897  0.00283625  0.00257538  0.0027277  0.0028669  0.00278517  0.000228702  0.0031526  0.00341337  
0.00335189  0.00140483  0.00236134  0.00210344  0.00226362  0.00203846  0.00292799  0.00331364  0.0024825  0.00272088  0.0037738  0.00356526  
0.00349821  0.000747815  0.002264  0.00212352  0.00129132  0.00251115  0.0022535  0.00124525  0.00156527  0.00193559  0.00289792  0.00340549  
0.00274887  0.00160551  0.00188591  0.00155601  0.0026368  0.00198255  0.00298458  0.00324361  0.00279955  0.0022373  0.00344184  0.00366691  
0.0050249  0.00426996  0.00287052  0.00216511  0.00315591  0.00217565  0.00258118  0.00311681  0.00213424  0.00229968  0.00278887  0.0037875  
0.00432152  0.00269572  0.00224615  0.00232412  0.00356346  0.00203715  0.00254066  0.00196393  0.00264987  0.00245408  0.00228179  0.00372496  
0.0045194  0.00248746  0.000441647  0.00224679  0.00152287  0.0024074  0.00204593  0.00315046  0.00284902  0.00200684  0.00200909  0.00410904  
0.00265122  0.00168323  0.00347543  0.00312614  0.00324908  0.00355436  0.00322766  0.00286484  0.0028066  0.00152384  0.00259221  0.00338812  
0.00175  0.00470459  0.00273993  0.00298541  0.00319298  0.00344854  0.00275883  0.00239215  0.00297835  0.00245821  0.00410764  0.00308539  
0.00731553  0.00733844  0.00269888  0.00236267  0.00204097  0.00246712  0.00241754  0.00240661  0.00195007  0.00151657  0.00263376  0.00416878  

#Number of events available for calibration = 
6  51  112  225  448  695  526  201  212  242  121  17  
18  160  522  1121  2020  2959  2528  793  1093  1360  530  96  
6  273  981  2122  4040  5368  3583  3422  3334  2534  1243  205  
66  417  1426  3438  6465  9405  9641  7875  5761  4124  2230  368  
63  548  1865  4655  8734  11628  12447  10806  8740  5925  2994  484  
65  737  2233  5672  9092  12294  13693  12367  9935  7349  3342  506  
130  742  2432  6624  9684  12655  13795  12796  10429  6911  3516  553  
134  1017  3490  8288  13306  16063  16719  14326  10721  6806  3387  474  
148  1384  3965  9166  13969  16844  14094  15584  13259  8632  3854  584  
237  1606  5245  11418  16458  18536  18343  16477  13102  8990  3926  520  
154  1765  5690  13603  18870  21369  20261  18226  14176  8559  3194  532  
131  1891  6478  13195  17411  19205  19207  18362  13875  8522  3489  479  
299  2025  6141  6293  14069  15414  18333  17872  13925  8184  3644  497  
144  2078  5962  12073  16900  17982  17862  17078  12000  7923  3277  489  
313  2247  6429  13958  19228  20972  19993  17823  13544  4848  3440  471  
273  2426  6754  13869  18815  19280  20123  18688  14252  9029  3705  537  
228  2175  6698  13409  17497  19755  19693  16390  14721  9993  3737  651  
236  1863  5661  12129  18107  19379  20549  19121  15349  10124  4018  589  
180  1574  5164  11433  16024  18562  20096  18353  15335  10004  4457  652  
161  1495  4875  9285  13668  16808  16665  15670  13487  9639  4158  587  
151  1249  3518  7810  13000  14217  13997  14883  14186  10862  4972  680  
136  1150  3158  6885  10651  13670  15565  15717  14888  11638  5517  852  
0  797  2284  5091  7695  10245  11055  11533  11845  9782  4412  624  
21  107  515  1067  1654  2155  2251  2522  2647  2101  1113  183  
