#HCal Fully Corrected (TW/TOF/Hodo) TDC offsets obtained 3_22_2023 on iteration 2
#Offsets obtained from fits over TDC distributions = 
-597.139
-595.569
-588.778
-598.756
-726.855
-706.056
-686.786
-707.472
-600.25
-595.704
-563.497
-630.321
-587.174
-585.309
-591.392
-583.531
-714.918
-699.939
-719.851
-740.184
-583.066
-584.005
-618.414
-501.833
-599.24
-629.338
-602.91
-589.002
-719.659
-713.32
-735.022
-737.206
-588.599
-595.414
-619.327
-599.729
-599.449
-561.169
-572.098
-588.04
-693.235
-695.265
-682.729
-682.71
-576.801
-563.311
-576.713
-595.961
-307.293
-307.634
-305.501
-301.89
-381.097
-404.307
-408.728
-417.432
-302.088
-297.716
-289.266
-275.935
-581.803
-644.754
-579.369
-593.964
-411.571
-391.125
-698.356
-710.479
-585.315
-587.034
-284.983
-253.974
-658.461
-677.413
-633.358
-636.423
-733.837
-724.647
-708.778
-730.867
-577.089
-601.086
-597.663
-378.127
-584.239
-638.775
-598.993
-600.753
-697.672
-706.459
-711.983
-724.734
-620.452
-598.313
-611.114
-671.079
-574.573
-589.301
-594.847
-584.138
-694.189
-690.261
-706.804
-711.794
-592.691
-588.365
-603.089
-576.064
-607.615
-595.788
-596.746
-599.207
-682.557
-689.317
-699.523
-701.152
-588.844
-612.363
-599.704
-587.913
-586.731
-602.015
-591.801
-598.103
-665.571
-687.864
-688.325
-692.223
-588.13
-591.801
-630.677
-587.244
-617.025
-581.713
-592.622
-594.083
-685.393
-690.11
-695.655
-706.865
-582.022
-582.241
-573.855
-486.046
-288.527
-306.615
-309.53
-311.634
-438.719
-415.007
-417.423
-412.684
-283.191
-290.859
-287.574
-235.364
-500.321
-560.944
-544.513
-565.553
-636.607
-663.022
-646.1
-665.26
-552.265
-553.873
-528.779
-500.625
-619.238
-570.396
-542.975
-565.644
-654.886
-645.329
-661.226
-670.176
-561.493
-604.142
-558.903
-455.221
-264.983
-283.789
-544.132
-538.862
-666.428
-675.774
-380.341
-389.167
-556.842
-541.315
-563.893
-340.095
-513.396
-549.878
-567.743
-570.012
-690.743
-653.993
-676.924
-700.573
-558.327
-570.669
-433.747
-421.797
-720.987
-757.326
-701.882
-743.548
-639.048
-642.053
-809.504
-824.933
-706.421
-729.763
-527.298
-523.368
-444.307
-569.247
-509.927
-565.908
-815.037
-802.515
-647.436
-648.319
-546.982
-553.821
-703.126
-729.32
-456.638
-567.294
-562.615
-546.817
-820.44
-823.177
-647.487
-675.039
-552.941
-541.932
-724.315
-705.111
-533.974
-588.317
-156.923
-559.298
-341.007
-809.849
-673.472
-678.833
-567.733
-570.108
-723.355
-723.933
-549.623
-580.234
-543.782
-551.056
-659.918
-647.685
-645.11
-688.418
-567.074
-574.057
-571.885
-545.526
-1088.96
-521.93
-522.759
-539.227
-652.632
-634.781
-667.757
-670.707
-550.615
-555.142
-552.064
-509.272
-1929.82
-651.114
-561.716
-588.823
-627.83
-660.159
-805.329
-830.899
-541.906
-549.926
-564.149
-1444.92
