#HCal Fully Corrected (TW/TOF/Hodo) TDC offsets obtained 3_21_2023 on iteration 2
#Offsets obtained from fits over TDC distributions = 
-1863.03
-1863.03
-1817.81
-609.939
-736.489
-716.656
-698.452
-717.745
-606.464
-603.658
-570.83
-636.915
-1747.34
-1747.34
-607.13
-597.344
-726.409
-709.992
-731.449
-754.619
-594.429
-592.82
-629.427
-587.353
-1863.03
-2159.63
-616.144
-603.378
-733.062
-727.036
-753.35
-754.14
-602.524
-606.253
-633.662
-618.584
-1863.03
-570.948
-585.744
-602.431
-707.636
-710.162
-697.652
-698.682
-593.29
-579.649
-593.358
-622.071
-113.752
-322.347
-320.335
-316.862
-395.663
-419.525
-424.748
-432.862
-317.567
-306.299
-305.868
-113.752
-1669.07
-656.506
-593.398
-607.862
-424.741
-404.848
-712.375
-725.661
-599.443
-600.635
-300.676
-267.021
-595.675
-685.21
-644.399
-649.065
-745.869
-735.748
-721.62
-743.626
-602.788
-612.578
-610.103
-465.02
-1687.43
-649.011
-611.051
-612.612
-709.212
-717.942
-724.124
-736.67
-632.278
-609.749
-621.967
-2576
-596.467
-593.987
-601.069
-592.717
-702.933
-698.387
-716.262
-722.59
-603.529
-596.679
-609.618
-1637.76
-1956.38
-565.848
-601.507
-607.269
-690.073
-694.482
-704.172
-704.041
-591.465
-613.501
-598.48
-1758.57
-593.985
-606.395
-596.35
-604.296
-671.222
-691.735
-690.77
-694.685
-590.325
-589.986
-633.002
-583.189
-628.639
-590.864
-600.122
-602.363
-692.471
-695.337
-700.389
-711.305
-586.562
-587.785
-578.467
-502.147
-15.0718
-320.68
-322.236
-325.449
-450.31
-427.005
-428.418
-423.614
-294.039
-304.299
-301.823
-372.669
-516.015
-581.847
-560.87
-582.21
-653.061
-680.202
-662.574
-681.463
-568.761
-571.345
-499.819
-574.842
-2152.58
-591.36
-560.959
-584.014
-673.13
-663.196
-679.473
-687.346
-577.847
-620.608
-573.632
-620.163
-113.752
-256.081
-562.308
-558.154
-685.638
-694.415
-396.919
-403.781
-570.9
-550.885
-564.93
-628.571
-1052.71
-563.186
-579.164
-584.202
-703.945
-665.347
-686.301
-709.045
-565.548
-578.03
-559.592
-545.148
-3089.54
-760.345
-706.612
-749.202
-644.934
-647.609
-815.373
-831.564
-714.169
-737.332
-531.669
-592.883
-1626.81
-1564.17
-511.876
-570.135
-821.912
-809.611
-655.514
-654.475
-552.019
-556.949
-704.142
-752.291
-1242.37
-1565.96
-561.143
-549.981
-825.97
-827.325
-650.106
-675.384
-552.028
-543.127
-729.162
-532.718
-1465
-1803.35
-160.457
-559.161
669.643
-809.863
-673.641
-681.927
-574.75
-580.938
-735.494
-741.29
-2147.03
-1757.09
-1392.08
-558.554
-665.55
-654.769
-655.163
-701.139
-582.786
-592.677
-592.448
-573.873
-1088.96
-1088.96
-1252.19
-541.718
-671.118
-651.622
-685.758
-690.893
-573.688
-580.904
-579.845
-541.622
-1929.82
-2928.05
-1748.06
-629.324
-661.096
-688.516
-832.854
-860.785
-574.195
-585.593
-603.496
-588.275
