#HCal tdc vs E fit parameter P0 obtained 3_8_2023
#Exponential fit for i PMTs -> y = P0_i*exp(-P1_i*x)+P2_i, P0_i = 
0
0
0
0
0
0
0
0
0
0
0
0
0
0
0
0
0
0
0
0
0
0
0
0
0
0
0
0
0
0
0
0
0
0
0
0
0
0
0
0
0
0
0
0
0
0
0
0
0
0
0
0
0
0
0
0
0
0
0
0
0
0
0
0
0
0
0
26
12.7816
0
0
0
0
0
0
0
0
11.5416
8.06208
26
2
2
0
0
0
0
0
0
0
0
26
2
2
2
0
0
0
0
0
0
4.15769
4.18847
10.7183
26
21.5384
22.0741
0
0
0
0
0
0
2
26
26
26
9.57828
26
0
0
0
0
0
24.4311
26
26
26
26
26
2
0
0
0
0
0
0
26
26
19.3574
26
2
26
0
0
0
0
0
0
0
8.90726
17.8221
26
26
3.16471
26
0
0
0
0
0
26
26
2
26
26
2
26
0
0
0
0
0
19.8886
21.3111
26
26
26
0
26
0
0
0
0
0
2
26
15.2523
19.2946
2
26
2
0
0
0
0
0
0
19.022
26
7.57126
26
19.0197
12.7542
0
0
0
0
0
26
21.9899
26
26
2
0
26
0
0
0
0
0
26
26
2
26
26
11.3537
26
0
0
0
0
0
26
25.6878
26
3.84592
10.7898
5.81425
26
0
0
0
0
0
0
14
26
2
26
23.5694
0
0
0
0
0
0
0
24.4129
26
26
2
0
26
0
0
0
0
0
0
14
24.8929
2
26
26
26
0
0
0
0
0
0
0
0
14
26
2.01425
0
0
