#HCal tdc vs E fit parameter P0 obtained 3_21_2023
#Exponential fit for i PMTs -> y = P0_i*exp(-P1_i*x)+P2_i, P0_i = 
10.8991
8.05336
9.30596
9.87648
8.00008
9.80294
8.90251
8.08195
11.5926
9.70663
8.80846
2
11.333
8.70128
10.5003
9.22024
8.81238
10.5004
10.8819
5.29243
10.5696
10.7959
8.92862
11.7392
8.78859
7.32502
8.76054
9.79846
9.55638
10.9441
8.83002
12.0477
11.0827
11.0864
11.3167
16.0702
25.3471
12.4481
11.7708
10.3663
12.0588
12.0169
8.53573
8.56354
10.5071
11.9652
10.0568
26
11.831
16.7817
13.2482
15.1081
12.654
9.47814
11.3822
12.2082
12.1192
12.9526
14.0364
26
14.3591
9.67087
11.8167
10.8828
12.4179
12.3952
8.25276
9.49437
12.4872
11.7034
13.2388
26
12.1535
12.442
6.87682
8.96066
10.9893
20.0113
9.15687
10.0288
12.3886
10.538
12.2797
24.0366
20.8857
9.46402
10.6558
8.95416
9.65871
8.9905
11.5697
8.34429
10.9368
11.9834
10.0408
22.5293
16.3164
11.8893
11.9198
12.2119
8.21851
9.02936
13.1551
8.7695
7.61121
7.67071
11.1198
17.657
12.5451
11.4759
9.00221
10.7767
10.6019
10.7008
7.87131
8.80578
11.2131
9.73125
21.0045
26
16.9501
14.2868
11.3033
10.4745
11.502
11.511
8.66813
8.45551
9.52017
8.03863
16.8117
11.971
8.91656
8.59548
9.01542
9.91923
12.0511
8.59178
9.71896
10.0075
11.4744
10.1401
13.4032
14.485
10.796
8.36152
9.7587
8.52511
8.5796
15.0236
26
20.8526
16.3776
15.1188
15.8865
26
18.7025
13.0807
9.91595
11.2663
12.8723
10.341
9.33343
7.26384
10.5038
6.5672
7.96956
13.1519
10.5514
12.0633
10.9576
10.3103
12.6102
10.5956
10.7948
10.2863
8.24311
10.5352
11.1464
19.3241
13.0549
15.3941
10.5091
9.40533
13.5581
13.9036
20.146
21.6704
10.1384
11.3117
11.1227
11.8352
13.576
10.129
12.1288
12.034
12.468
12.0736
10.8227
10.4096
12.1476
10.0265
13.3906
25.8494
13.8808
11.0139
12.5787
12.1481
10.5476
16.5185
10.2159
11.0857
11.3725
20.5387
10.0421
20.2745
16.104
10.1039
12.7714
8.914
12.4211
12.4525
12.9439
9.25843
16.7713
9.81476
16.4994
20.5914
17.6894
10.713
12.8175
12.3314
10.8411
11.7395
16.6929
10.0874
9.56516
10.2995
9.20377
17.7908
18.1831
10.1518
9.7918
12.1291
12.1025
8.47551
12.1452
9.01445
9.35604
9.19436
9.11896
7.25856
12.6914
14.8724
9.0476
8.52312
8.38794
8.53309
7.08874
9.5578
7.96155
16.4595
11.6806
13.3965
16.1061
13.8329
9.85115
9.36469
8.49533
9.1519
11.7813
9.83769
8.58881
9.11001
10.0767
10.93
12.1335
13.4933
9.47733
7.46423
10.137
8.85194
10.667
9.77746
8.43344
10.8219
9.33491
7.66389
