#HCal tdc vs E fit parameter P1 obtained 3_21_2023
#Exponential fit for i PMTs -> y = P0_i*exp(-P1_i*x)+P2_i, P1_i = 
0
0.0451835
0.01
0.043861
0.105995
0.0557784
0.0707201
0.0311707
0.041251
0.0323707
0.0197681
0.0304801
0
0.0413911
0.0354998
0.01
0.0465389
0.0614282
0.039047
0.0203406
0.0320994
0.0388267
0.0121507
0.119464
0
0.01
0.0660583
0.0263539
0.0439409
0.0417227
0.0534964
0.0475289
0.0424347
0.0304898
0.0968088
0.0119991
0
0.0304592
0.0230999
0.0323878
0.0295755
0.0378549
0.0276676
0.0560466
0.0362434
0.0315627
0.0446115
0.0605064
0
0.0120314
0.0375895
0.0405527
0.0326129
0.0381516
0.0354498
0.0414609
0.037732
0.0339033
0.0280129
0.11163
0.0945314
0.0294775
0.0314855
0.0337246
0.0408617
0.0441358
0.0451058
0.0325372
0.0358765
0.034344
0.0958763
0.073227
0.01
0.0157434
0.0260053
0.0458637
0.047977
0.020658
0.0353415
0.0340401
0.0249558
0.03743
0.0516854
0.063049
0.0906523
0.114635
0.0349495
0.0434781
0.0430556
0.045294
0.0515305
0.0412734
0.0394951
0.0328945
0.0470148
0.0305769
0.11544
0.0759814
0.0396423
0.0303904
0.0292002
0.0363698
0.0547932
0.0343079
0.0271666
0.0196313
0.0104276
0.0926571
0.0649687
0.0605949
0.0681013
0.0419026
0.0414709
0.0442072
0.0348161
0.036234
0.0452919
0.0514723
0.0693777
0.0260801
0.0438263
0.0519965
0.0314075
0.0433695
0.0613079
0.0538425
0.0443337
0.0304315
0.0317445
0.0167681
0.139166
0.0141772
0.0451556
0.0199261
0.0743111
0.0356162
0.0555502
0.03965
0.0310326
0.0456954
0.0365469
0.0687178
0.0374112
0.0461593
0.0315446
0.01
0.0479116
0.0295225
0.0547086
0.0480935
0.0383795
0.0474145
0.0442838
0.0546993
0.0702107
0.0625382
0.0297113
0.0414735
0.0297559
0.0328745
0.0426591
0.0410673
0.039909
0.033168
0.0344467
0.0168615
0.0517063
0.0779697
0.0739791
0.064778
0.0528786
0.0448661
0.0546091
0.0501871
0.0413816
0.0383064
0.0286248
0.0179925
0.034685
0.0566592
0.0391748
0.0308204
0.0221705
0.0291335
0.0429368
0.0461626
0.0421732
0.0348377
0.0282509
0.0667096
0.0598418
0.0516901
0.0564164
0.0338292
0.0346777
0.0429029
0.0494623
0.0576498
0.0542117
0.0409693
0.0420593
0.059455
0.0574923
0.0389875
0.103896
0.0799455
0.043655
0.0389387
0.0421708
0.0508789
0.0412779
0.0324296
0.0461929
0.0437271
0.0194023
0.0605453
0.0489413
0.0251682
0.0233709
0.0576224
0.0346832
0.0541537
0.0533156
0.041347
0.0385014
0.0241881
0.0449617
0.0925879
0.0455709
0.0360058
0.0539729
0.031858
0.0356966
0.0411549
0.041315
0.0461283
0.0466279
0.0467889
0.0318032
0.0600201
0.0288762
0.0585165
0.01
0.0300676
0
0.0339246
0.102734
0.0411086
0.0463254
0.0451171
0.12802
0.0786642
0.02472
0.0519962
0.0280417
0.0178486
0.0378839
0.0467535
0.0285676
0.0318287
0.0372499
0.02897
0.039233
0.100222
0
0.0446129
0.0350191
0.038225
0.0277999
0.0478344
0.0318161
0.0331362
0.0257086
0.0191681
0.0486309
0.0674497
0.034266
0.184811
0.0537863
0.0227744
0.0312812
0.0502271
0.0232522
0.0477146
0.0301882
0.0327738
0.0406673
0.123576
