#HCal tdc vs E fit parameter P1 obtained 3_14_2023
#Exponential fit for i PMTs -> y = P0_i*exp(-P1_i*x)+P2_i, P1_i = 
0
0
0
0
0
0
0
0
0
0
0
0
0
0
0
0
0
0
0
0
0
0
0
0
0
0
0
0
0
0
0
0
0
0
0
0
0
0
0
0
0
0
0
0
0
0
0
0
0
0
0
0
0
0.0256325
0
0
0
0
0
0
0
0
0
0
0.01
0.01
0.0176437
0.01
0
0
0
0
0
0
0
0
0.0931887
0.0222157
0.0259399
0.104142
0.119191
0
0
0
0
0
0
0.0370357
0.01
0.2
0.028183
0.2
0.165689
0.2
0
0
0
0
0
0.2
0.01
0.130915
0.0350042
0.12555
0.0171902
0.01
0
0
0
0
0
0.0170325
0.0462711
0.2
0.0267701
0.048706
0.01
0.01
0
0
0
0
0.01
0.0287539
0.10348
0.042831
0.0133059
0.010744
0.0308338
0.0292872
0
0
0
0
0.0409534
0.0765842
0.0360832
0.01
0.0764879
0.2
0.0100039
0.122782
0
0
0
0
0
0.2
0.2
0.0388289
0.0565849
0.0894318
0.01
0
0
0
0
0
0.0285531
0.0307542
0.01
0.125735
0.117038
0.0646887
0.0174092
0
0
0
0
0
0.01
0.0672402
0.103156
0.0307182
0.0171819
0.01
0.135076
0
0
0
0
0
0
0.0215034
0.0396943
0.186648
0.0589199
0.0422778
0.01
0.0224063
0
0
0
0
0
0.01
0.01
0.0277591
0.0552736
0.2
0.123344
0.0510847
0
0
0
0
0
0.0456289
0.01
0.0860052
0.0461647
0.0790321
0.0239517
0.0169985
0.01
0
0
0
0
0.0195899
0.0691214
0.103997
0.0685466
0.0551852
0.0743765
0.2
0.100638
0
0
0
0
0.04
0.01
0.0433579
0.100891
0.0593747
0.0655346
0.121813
0
0
0
0
0
0
0.0638139
0.0286644
0.0250306
0.0218307
0.0675633
0.2
0.2
0
0
0
0
0
0.04
0.0500686
0.0129287
0.2
0.0131172
0.161538
0
0
0
0
0
0
0
0.0992945
0.036831
0.0288824
0.0100001
0.04
0
0
0
0
0
0
0
0.04
0.04
0.04
0
0
0
0
