#HCal tdc vs E fit parameter P2 obtained 3_8_2023
#Exponential fit for i PMTs -> y = P0_i*exp(-P1_i*x)+P2_i, P2_i = 
0
0
0
0
0
0
0
0
0
0
0
0
0
0
0
0
0
0
0
0
0
0
0
0
0
0
0
0
0
0
0
0
0
0
0
0
0
0
0
0
0
0
0
0
0
0
0
0
0
0
0
0
0
0
0
0
0
0
0
0
0
0
0
0
0
0
0
-85.2988
-72.6506
0
0
0
0
0
0
0
0
-60.7868
-77.1298
-77.7567
-69.515
-66.3369
0
0
0
0
0
0
0
0
-86.5783
-85.7353
-70.8363
-91.052
0
0
0
0
0
0
-69.6392
-74.3771
-71.7584
-76.4045
-72.3836
-74.8821
0
0
0
0
0
0
-65.8831
-94.1893
-74.4422
-77.8147
-88.9092
-104.141
0
0
0
0
0
-67.2962
-75.3325
-75.097
-75.6548
-80.8487
-77.6525
-81.5607
0
0
0
0
0
0
-76.7933
-74.0653
-82.1699
-87.0763
-74.3949
-72.9774
0
0
0
0
0
0
0
-84.6201
-81.32
-82.5872
-74.4327
-68.3413
-82.2649
0
0
0
0
0
-89.9365
-89.2086
-69.4987
-77.731
-77.333
-74.6776
-78.8181
0
0
0
0
0
-76.622
-81.7571
-84.0701
-88.048
-77.0007
0
-102.384
0
0
0
0
0
-66.8459
-75.3806
-76.1652
-84.6699
-70.2746
-79.0443
-88.711
0
0
0
0
0
0
-80.1519
-77.0161
-79.6561
-96.2619
-83.7407
-62.6917
0
0
0
0
0
-69.1007
-87.5526
-74.2959
-75.362
-85.6935
0
-80.8028
0
0
0
0
0
-63.2825
-78.5177
-76.0317
-91.3868
-105.23
-91.4315
-89.4786
0
0
0
0
0
-106.324
-74.5885
-84.6233
-63.3895
-76.9144
-75.7519
-87.7626
0
0
0
0
0
0
-77
-64.9851
-67.5915
-81.6608
-87.4039
0
0
0
0
0
0
0
-104.839
-110.905
-110.423
-85.4042
0
-75.2156
0
0
0
0
0
0
-77
-74.3456
-57.252
-99.7165
-79.1706
-111.528
0
0
0
0
0
0
0
0
-77
-64.0949
-82.8363
0
0
