#HCal tdc vs E fit parameter P2 obtained 3_8_2023
#Exponential fit for i PMTs -> y = P0_i*exp(-P1_i*x)+P2_i, P2_i = 
0
0
0
0
0
0
0
0
0
0
0
0
0
0
0
0
0
0
0
0
0
0
0
0
0
-77
-77
-43.9933
-52.0134
-77
-77
-77
-77
0
0
0
-77
-27.9704
-44.9091
-50.8497
-49.5953
-48.0884
-33.7759
-9.09337
-45.3938
-77
0
0
-77
-67.2906
-76.5815
-76.758
-77.2952
-81.9374
-79.52
-68.8122
-63.6071
-77.962
-77
0
-77
-37.2429
-46.7958
-50.8424
-77.868
-79.3927
-57.7935
-62.5934
-56.6906
-36.1526
-77
-77
-77
-54.6264
-76.6917
-58.6323
-50.2086
-50.9752
-51.092
-51.3165
-45.5674
-47.6948
-66.7386
-77
-61.2558
-50.6125
-50.6367
-51.5939
-54.0537
-58.7943
-54.7601
-60.9241
-49.0176
-52.9085
-58.6222
-77
-33.668
-47.3541
-46.826
-48.8701
-49.06
-51.0679
-50.4973
-50.7944
-49.1116
-48.2903
-46.8748
-77
-77
-46.941
-52.5447
-47.4485
-46.6747
-49.2517
-50.6882
-51.3285
-47.182
-53.924
20.7844
-77
-21.2306
-56.1498
-45.1452
-45.0027
-49.3397
-48.7843
-49.6557
-49.6259
-42.7381
-39.5762
-77
-77
-51.9573
-47.5116
-47.0556
-52.1908
-49.9502
-48.8431
-50.6274
-49.6729
-57.9144
-51.5842
-60.1315
-77
-72.2999
-92.478
-81.3112
-73.9858
-86.5087
-77.6988
-78.0305
-76.9065
-71.2721
-68.0577
4.78821
-77
-16.4324
-43.4232
-43.7818
-47.8844
-52.9886
-49.2713
-50.0523
-47.7355
-49.8217
-41.1872
-77
-77
-61.195
-51.6864
-49.2231
-47.6387
-46.7819
-48.2335
-50.178
-48.4499
-46.1365
-105.945
-64.5391
-77
-77
-79.5434
-44.4402
-45.9151
-48.6108
-47.4898
-74.7246
-76.3738
-45.369
-49.078
-97.5673
-77
-77
-42.1211
-40.2165
-45.8562
-52.7239
-49.1824
-50.1699
-61.0971
-64.7682
-39.7357
-69.6794
-77
-77
-24.8976
-45.787
-42.9367
-48.8442
-50.6815
-49.0745
-49.314
-47.9693
-64.8534
-77
-77
-77
-40.1744
-38.5605
-38.6775
-50.0895
-45.6013
-50.2123
-46.4378
-77
-77
-77
-77
-77
-77
-77
17.3367
-77
-77
-77
-77
-77
-77
-77
-77
-77
-77
0
-77
-77
-77
-77
-77
-77
-77
-77
-77
-77
-77
-77
-77
-77
-77
-77
-77
-77
-77
-77
-77
-77
-77
-77
-77
-77
-77
-77
-77
-77
-77
-77
0
-77
-77
-77
-77
-77
-77
-77
-77
-77
-77
-77
0
