#HCal tdc vs E fit parameter P2 obtained 3_21_2023
#Exponential fit for i PMTs -> y = P0_i*exp(-P1_i*x)+P2_i, P2_i = 
-49.1035
-52.8624
-48.2895
-47.1532
-50.7164
-48.784
-48.2377
-49.1716
-50.0261
-49.4315
-50.8037
-43.3431
-47.6814
-48.8683
-47.718
-47.1699
-46.9378
-47.2803
-47.2811
-47.8197
-48.2332
-48.5826
-48.3272
-62.3471
-47.0174
-49.8093
-47.9931
-47.3327
-47.7112
-47.1898
-47.4863
-46.7582
-46.9087
-49.4323
-52.0256
-50.4894
-42.6963
-49.0409
-47.7539
-47.7933
-47.9204
-48.586
-48.2825
-49.0074
-49.4076
-50.0115
-48.2451
-57.1549
-75.7399
-76.5993
-78.1775
-77.6643
-77.9269
-79.5836
-78.3089
-78.4728
-78.8186
-79.6752
-79.4599
-78.5082
-50.6215
-44.2201
-48.7593
-47.9739
-78.3893
-78.948
-51.3231
-50.2117
-51.8307
-52.0841
-80.1473
-80.8526
-48.6511
-47.6776
-56.337
-49.7597
-48.8937
-53.9713
-48.8197
-50.7591
-50.8337
-49.4284
-50.1589
-67.9747
-49.208
-46.3564
-50.2723
-50.0899
-49.9562
-51.8277
-49.6132
-50.0441
-50.2116
-51.8182
-50.1832
-42.0047
-51.5666
-48.8842
-49.182
-49.2772
-50.108
-51.1164
-49.9343
-49.9584
-49.4961
-48.1677
-49.4708
-62.3404
-51.4421
-49.4276
-50.9608
-50.2456
-49.4467
-49.5237
-50.8452
-50.7503
-50.947
-52.3887
-49.1947
-47.383
-48.1105
-46.3211
-48.0131
-48.4281
-48.8848
-49.0522
-49.6269
-49.1478
-50.9787
-48.4173
-47.3945
-55.8063
-45.7556
-48.5368
-48.4079
-49.2268
-47.4763
-48.6252
-49.1328
-49.1156
-50.6805
-51.8562
-44.4583
-44.3859
-81.3089
-80.7671
-79.077
-76.6265
-79.6179
-77.1778
-75.6722
-75.2308
-76.8645
-77.1745
-76.1438
-72.3715
-53.7716
-47.5547
-48.1463
-48.229
-48.5263
-48.4431
-48.1729
-49.2567
-49.2728
-48.2671
-47.226
-43.302
-47.0741
-47.8226
-50.7774
-49.2434
-47.8536
-48.2744
-49.1466
-48.9809
-51.1738
-61.6531
-47.4158
-51.5305
-78.0518
-77.6227
-47.9468
-48.9395
-48.1554
-48.271
-76.6436
-76.2875
-50.3501
-49.3324
-49.7453
-45.4289
-54.1864
-51.6664
-48.0938
-48.5973
-49.2211
-48.7812
-49.3583
-50.509
-49.9855
-51.5469
-44.7265
-56.5813
-48.3126
-46.6259
-49.0608
-48.8055
-49.0188
-49.2194
-48.9044
-47.8696
-49.3251
-48.8734
-47.6222
-53.1945
-45.4073
-49.306
-50.3902
-48.211
-48.282
-49.1827
-47.8083
-48.2914
-48.4493
-48.6245
-46.7154
-50.7451
-50.5934
-45.732
-46.1351
-47.3404
-47.2492
-47.8314
-47.5689
-49.1819
-49.1177
-49.0696
-47.0318
-50.9032
-50.2725
-44.8205
-102.719
-46.5172
-99.5601
-50.6634
-46.8339
-47.0493
-48.5391
-47.2009
-50.0328
-48.5611
-44.7485
-46.617
-48.621
-48.4576
-48.9415
-48.9998
-47.3189
-46.1083
-47.5361
-45.4918
-47.033
-52.3222
-58.4424
-50.6001
-50.2962
-49.8014
-47.6556
-47.9945
-47.0114
-46.2734
-46.6712
-47.3389
-47.9826
-50.9636
-61.8852
-51.0876
-47.9559
-46.7272
-50.7669
-46.0551
-48.5122
-49.6959
-50.4453
-49.7391
-47.2882
-45.8805
