#HCal tdc vs E fit parameter P1 obtained 3_8_2023
#Exponential fit for i PMTs -> y = P0_i*exp(-P1_i*x)+P2_i, P1_i = 
0
0
0
0
0
0
0
0
0
0
0
0
0
0
0
0
0
0
0
0
0
0
0
0
0
0
0
0
0
0
0
0
0
0
0
0
0
0
0
0
0
0
0
0
0
0
0
0
0
0
0
0
0
0
0
0
0
0
0
0
0
0
0
0
0
0
0
0.0330278
0.01
0
0
0
0
0
0
0
0
0.0352946
0.106899
0.178857
0.2
0.01
0
0
0
0
0
0
0
0
0.0315079
0.2
0.2
0.01
0
0
0
0
0
0
0.01
0.0161634
0.01
0.0797486
0.0731329
0.0488518
0
0
0
0
0
0
0.01
0.0116067
0.0876553
0.0549082
0.0224495
0.0552333
0
0
0
0
0
0.0376477
0.2
0.155317
0.140611
0.0370747
0.0498666
0.2
0
0
0
0
0
0
0.0608756
0.168313
0.114551
0.0986183
0.2
0.163002
0
0
0
0
0
0
0
0.0245359
0.0286069
0.0362375
0.0460173
0.01
0.0454889
0
0
0
0
0
0.113133
0.0275711
0.01
0.0932505
0.0584253
0.2
0.0857425
0
0
0
0
0
0.0175713
0.0168929
0.104743
0.0603054
0.10995
0
0.01
0
0
0
0
0
0.01
0.0655825
0.0572298
0.0146867
0.01
0.185632
0.2
0
0
0
0
0
0
0.0503788
0.0525425
0.2
0.01
0.0428302
0.01
0
0
0
0
0
0.0306586
0.070778
0.03638
0.187851
0.2
0
0.121823
0
0
0
0
0
0.0552275
0.143741
0.0166972
0.01
0.01
0.01
0.0332174
0
0
0
0
0
0.0901163
0.01
0.136439
0.01
0.01
0.01
0.0166212
0
0
0
0
0
0
0.04
0.0843609
0.01
0.0429474
0.01
0
0
0
0
0
0
0
0.143376
0.0711041
0.06633
0.2
0
0.023792
0
0
0
0
0
0
0.04
0.0120853
0.01
0.0376592
0.0225927
0.0206148
0
0
0
0
0
0
0
0
0.04
0.0338327
0.0668679
0
0
