#HCal tdc vs E fit parameter P1 obtained 3_9_2023
#Exponential fit for i PMTs -> y = P0_i*exp(-P1_i*x)+P2_i, P1_i = 
0
0
0
0
0
0
0
0
0
0
0
0
0
0
0
0
0
0
0
0
0
0
0
0
0
0
0
0
0
0
0
0
0
0
0
0
0
0
0
0.0263518
0.0348633
0.124475
0.0183933
0.0146233
0.0158562
0.04
0.04
0
0
0
0.01
0.0615997
0.0255997
0.166722
0.01
0.0927879
0.01
0.0524869
0.04
0
0
0
0.0287013
0.0755423
0.0369102
0.0319009
0.129992
0.0469536
0.01
0.0465814
0.0220345
0.04
0
0
0
0.161209
0.0979304
0.0217494
0.0537659
0.01
0.01
0.01
0.01
0
0
0.0359215
0.01
0.01
0.0139164
0.01
0.131615
0.02273
0.01
0.12289
0.01
0.04
0
0.01
0.01
0.0221049
0.0520634
0.0143407
0.0136199
0.0749994
0.01
0.01
0.0226766
0.04
0.04
0.01
0.01
0.01
0.01
0.01
0.0229161
0.0351207
0.01
0.2
0.0100685
0.04
0.04
0.0410145
0.01
0.0240972
0.0812397
0.01
0.01
0.0205389
0.01
0.01
0.0563932
0.04
0.04
0.01
0.01
0.01
0.0484912
0.0531565
0.0343613
0.01
0.01
0.01
0.0100005
0.04
0
0.100251
0.2
0.01
0.09875
0.0343341
0.0837362
0.0593984
0.0823531
0.0828158
0.0101041
0.04
0.0100002
0.01
0.0929051
0.0699306
0.0819985
0.0214824
0.025854
0.01
0.01
0.01
0.178181
0.04
0.04
0.01
0.01
0.0283275
0.01
0.0631254
0.174066
0.01
0.01
0
0.199995
0.0767676
0
0.0478117
0.01
0.01
0.0178762
0.0321596
0.0416142
0.0815183
0.01
0.01
0.01
0.04
0.04
0.0456984
0.01
0.01
0.0718464
0.0452684
0.0136134
0.01
0.093798
0.01
0.0348769
0.04
0.04
0.0824763
0.0138808
0.01
0.118707
0.143907
0.0506936
0.0315783
0.01
0.0569589
0.0302017
0.04
0.04
0.107697
0.0788309
0.0195018
0.01
0.0648281
0.100716
0.01
0.01
0.01
0.01
0.04
0.04
0.0344311
0.01
0.01
0.0896309
0.0343899
0.011664
0.0466982
0.0348048
0.0141656
0.04
0.04
0
0.04
0
0.0124509
0.131681
0.01
0.01
0.0267
0.01
0.01
0.01
0.04
0
0
0.01
0.01
0.0228723
0.2
0.01
0.0471304
0.01
0.01
0.04
0.04
0
0.04
0.01
0.01
0.01
0.01
0.01
0.0581632
0.01
0.01
0.04
0.04
0
0.04
0.01
0.2
0.01
0.01
0.01
0.01
0.01
0.01
0.01
0.04
