#HCal tdc vs E fit parameter P2 obtained 3_21_2023
#Exponential fit for i PMTs -> y = P0_i*exp(-P1_i*x)+P2_i, P2_i = 
0
-80.6803
-77.9325
-74.1676
-73.6319
-73.9272
-73.9152
-74.7145
-75.8587
-75.5714
-77.2404
-74.173
0
-78.0695
-72.0608
-74.7709
-72.878
-72.9887
-74.8818
-76.7265
-76.3141
-75.7663
-78.8474
-77.6489
0
-69.294
-72.973
-73.551
-72.4882
-72.5252
-77.1573
-74.8455
-74.2996
-75.5885
-75.5048
-76.6883
0
-74.3761
-74.2569
-73.5542
-73.5923
-73.1784
-73.3943
-72.9831
-74.3049
-75.3213
-75.1332
-72.5237
0
-79.4526
-74.3036
-74.0682
-74.4068
-74.9146
-74.8031
-74.1238
-74.217
-75.331
-76.1809
-77.2076
-76.0374
-67.1275
-75.1663
-74.7264
-74.9629
-74.8152
-74.6691
-74.9478
-75.356
-75.9304
-75.7813
-78.7033
-65.216
-71.1124
-78.4693
-75.389
-76.0483
-78.5682
-75.1117
-75.0485
-76.0819
-75.3868
-75.0353
-80.0279
-76.1913
-70.0441
-75.551
-75.8086
-75.0108
-74.8746
-75.198
-76.1155
-76.5025
-77.6467
-76.8406
-68.1653
-73.4728
-73.4756
-76.5606
-76.5152
-76.1603
-76.3834
-76.7211
-76.7075
-77.2372
-78.5682
-80.6202
-78.4808
-72.5974
-73.0815
-73.8694
-74.4728
-75.1858
-76.0255
-75.627
-75.8058
-76.0789
-76.1586
-76.6538
-78.1548
-71.1339
-73.1125
-73.9137
-73.8486
-74.3019
-74.7552
-75.6402
-75.9825
-77.0015
-77.5756
-73.5403
-81.2706
-74.436
-74.6399
-73.1425
-73.7492
-72.9384
-73.6323
-75.0831
-74.3335
-75.0045
-74.8024
-73.3231
-70.9478
-65.5745
-77.8939
-72.5327
-76.8066
-74.1248
-74.6106
-73.815
-72.9619
-72.9787
-73.4497
-72.8293
-72.6815
-75.1902
-71.527
-72.8568
-73.3378
-72.928
-73.8644
-73.5487
-74.0262
-74.9187
-75.7735
-73.4841
-72.0968
-69.6336
-71.8839
-75.4406
-73.9963
-73.4524
-73.613
-74.7364
-74.5757
-75.2017
-79.8295
-73.8217
-71.2499
-73.1497
-73.1292
-72.6175
-74.0641
-73.714
-73.6457
-73.4677
-73.76
-74.2348
-73.9628
-73.849
-72.2598
-76.1485
-75.8528
-73.392
-73.8541
-74.2067
-74.2792
-74.775
-75.7087
-75.3616
-75.1096
-72.8377
-78.3834
-75.3958
-71.307
-74.9289
-73.6534
-73.9891
-74.4063
-75.1306
-75.5592
-74.9449
-75.0731
-76.6955
-72.1173
-66.0203
-73.9555
-76.3484
-72.7852
-73.5926
-73.5462
-74.0099
-73.794
-73.632
-73.4921
-72.8365
-67.2397
-75.6019
-72.2762
-72.2065
-75.2848
-74.6402
-73.498
-74.2652
-74.1526
-73.4451
-72.8808
-73.1421
-72.8335
-71.4151
-68.4662
-116.796
-73.3186
0
-73.4687
-72.2172
-71.999
-72.1266
-71.0954
-72.657
-71.9931
-64.6407
-72.2608
-73.1363
-73.5839
-72.6614
-72.331
-71.8953
-71.6763
-71.9404
-72.2928
-73.0605
-75.9311
0
-72.3928
-72.4457
-71.9928
-71.5859
-71.6367
-72.0531
-71.9181
-71.4468
-73.1307
-73.9356
-77.6525
-82.706
-74.7641
-71.0708
-70.5242
-74.2642
-69.1238
-73.7613
-73.5417
-74.4811
-75.1714
-73.917
-73.4634
