#HCal tdc vs E fit parameter P1 obtained 3_8_2023
#Exponential fit for i PMTs -> y = P0_i*exp(-P1_i*x)+P2_i, P1_i = 
0
0
0
0
0
0
0
0
0
0
0
0
0
0
0
0
0
0
0
0
0
0
0
0
0
0.04
0.04
0.0563447
0.01
0.04
0.04
0.04
0.04
0
0
0
0.04
0.126669
0.14116
0.0247733
0.093858
0.0917012
0.01
0.01
0.0101246
0.04
0
0
0.04
0.0480258
0.0559953
0.0385882
0.0344004
0.113018
0.0225845
0.01
0.0400366
0.0486668
0.04
0
0.04
0.0638196
0.0357188
0.0174807
0.0388606
0.0807238
0.0835684
0.0104311
0.01
0.0261646
0.04
0.04
0.04
0.01
0.025435
0.0151252
0.0516058
0.0166419
0.0502364
0.0643115
0.01
0.01
0.0100034
0.04
0.01
0.0262879
0.0584166
0.0237783
0.0909995
0.132487
0.0911661
0.01
0.0358098
0.01
0.01
0.04
0.082355
0.0242134
0.0409109
0.0263649
0.0310815
0.0277147
0.0394931
0.061833
0.0198636
0.01
0.0100106
0.04
0.04
0.0525028
0.01
0.0206679
0.0443427
0.0409829
0.0335633
0.0209844
0.01
0.01
0.198975
0.04
0.01
0.01
0.0421769
0.0400752
0.0197738
0.0621067
0.0519165
0.0467148
0.0318914
0.01
0.04
0.04
0.0465979
0.01
0.135933
0.0234171
0.0662357
0.0310571
0.0462744
0.0804346
0.01
0.01
0.0100024
0.04
0.0269057
0.0791543
0.137564
0.0587697
0.190825
0.0773998
0.0462303
0.0476055
0.0901514
0.111201
0.0462573
0.04
0.0596088
0.0412001
0.0383414
0.123176
0.0509172
0.0504163
0.0384333
0.0643731
0.0349968
0.01
0.04
0.04
0.128462
0.0304067
0.0180459
0.023569
0.052595
0.0524461
0.035024
0.0240032
0.01
0.079653
0.0100001
0.04
0.04
0.0298497
0.0593142
0.01
0.101086
0.134663
0.0698854
0.0558156
0.0100219
0.01
0.028722
0.04
0.04
0.0684162
0.119898
0.0278544
0.135384
0.0777975
0.0411275
0.0817209
0.0146566
0.01
0.01
0.04
0.04
0.01
0.0323678
0.117521
0.0640879
0.0612807
0.0600763
0.0458735
0.0572458
0.01
0.04
0.04
0.04
0.0100106
0.0638351
0.01
0.01
0.0538323
0.0419751
0.01
0.04
0.04
0.04
0.04
0.04
0.04
0.04
0.0964562
0.04
0.04
0.04
0.04
0.04
0.04
0.04
0.04
0.04
0.04
0
0.04
0.04
0.04
0.04
0.04
0.04
0.04
0.04
0.04
0.04
0.04
0.04
0.04
0.04
0.04
0.04
0.04
0.04
0.04
0.04
0.04
0.04
0.04
0.04
0.04
0.04
0.04
0.04
0.04
0.04
0.04
0.04
0
0.04
0.04
0.04
0.04
0.04
0.04
0.04
0.04
0.04
0.04
0.04
0
