#HCal tdc vs E fit parameter P2 obtained 3_9_2023
#Exponential fit for i PMTs -> y = P0_i*exp(-P1_i*x)+P2_i, P2_i = 
0
0
0
0
0
0
0
0
0
0
0
0
0
0
0
0
0
0
0
0
0
0
0
0
0
0
0
0
0
0
0
0
0
0
0
0
0
0
0
-45.9981
-51.5529
-42.2052
-50.4928
-42.6909
-58.1681
-77
-77
0
0
0
-56.3785
-66.6004
-73.7029
-74.7521
-72.1119
-70.5001
-64.2092
-65.3204
-77
0
0
0
-45.888
-45.057
-70.4199
-74.0587
-57.1119
-49.5344
-48.4713
-48.0572
-143.656
-77
0
0
0
-49.5533
-44.2998
-40.9435
-46.7724
-57.2153
-43.7915
-33.3222
-52.0078
0
0
-54.9273
-56.1097
-43.235
-54.6622
-62.7146
-56.4004
-64.5427
-48.7116
-61.7422
-49.7524
-77
0
-28.3833
-50.8439
-44.6332
-42.7021
-45.9746
-44.899
-47.5951
-41.9867
-49.7733
-16.0597
-77
-77
-36.3316
-51.9168
-44.2962
-41.8773
-51.2564
-46.8426
-49.3172
-56.9594
-63.1602
-43.2451
-77
-77
-28.8868
-36.5865
-40.5718
-45.1254
-47.3531
-48.4722
-51.1875
-47.1727
-43.0351
-121.752
-77
-77
-48.1762
-47.6495
-50.1673
-46.972
-43.8182
-48.2348
-52.8995
-46.3065
-54.8522
-33.4775
-77
0
-90.0464
-87.0208
-71.9763
-85.8789
-73.5977
-73.7875
-71.4311
-70.5105
-62.6727
-65.1672
-77
-33.9031
-49.8765
-38.624
-47.4264
-53.128
-46.5195
-46.0281
-46.092
-44.2354
-46.1661
-50.6029
-77
-77
-35.2155
-45.4863
-42.3956
-42.9935
-45.5178
-46.5624
-47.7789
-44.4265
0
-92.3516
-28.1653
0
-70.6275
-44.3387
-41.8836
-48.631
-52.2284
-72.0077
-70.7193
-41.4614
-46.0256
-57.6139
-77
-77
-77.7547
-40.1326
-41.8559
-53.9341
-46.1035
-47.889
-67.685
-58.24
-64.6443
-34.7482
-77
-77
-40.7694
-61.8587
-57.8888
-44.5247
-51.9249
-48.4237
-50.6492
-52.4546
-75.8459
-27.1045
-77
-77
-46.9191
-36.8321
-49.3883
-56.6377
-50.5065
-52.3306
-47.1077
-58.1062
-53.212
-48.5882
-77
-77
-41.9846
-45.1623
-43.5775
-45.9668
-55.3873
-67.2806
-65.2657
-48.1343
-53.8833
-77
-77
0
-77
0
-41.932
-104.12
-56.9253
-53.1371
-52.8482
-53.2591
-50.2881
13.8358
-77
0
0
-27.1995
-38.1333
-48.6743
-50.6777
-43.3197
-61.0702
-59.6932
-52.8599
-77
-77
0
-77
-53.9499
-46.127
-50.7074
-56.7337
-54.0275
-46.5609
-48.899
-46.8142
-77
-77
0
-77
-17.5535
-72.4759
-74.6676
-61.1083
-59.2122
-63.2887
-55.2898
-73.5895
-41.9073
-77
