#HCal tdc vs E fit parameter P0 obtained 3_14_2023
#Exponential fit for i PMTs -> y = P0_i*exp(-P1_i*x)+P2_i, P0_i = 
0
0
0
0
0
0
0
0
0
0
0
0
0
0
0
0
0
0
0
0
0
0
0
0
0
0
0
0
0
0
0
0
0
0
0
0
0
0
0
0
0
0
0
0
0
0
0
0
0
0
0
0
0
8.13288
0
0
0
0
0
0
0
0
0
0
6.9808
9.92652
26
26
0
0
0
0
0
0
0
0
22.9216
26
15.2057
26
5.25433
0
0
0
0
0
0
5.54626
20.9803
2
7.61297
2
26
2
0
0
0
0
0
2
2
26
16.9739
26
2
2
0
0
0
0
0
15.7517
14.7119
2
26
11.9044
16.0653
4.50836
0
0
0
0
2
8.65792
26
16.746
13.8337
17.7666
26
26
0
0
0
0
26
26
26
10.0698
26
2
2.70461
26
0
0
0
0
0
19.5798
2
4.79238
26
26
15.643
0
0
0
0
0
24.0661
7.53779
2
24.8464
26
26
26
0
0
0
0
0
2
10.5097
26
22.1335
7.48568
3.31892
26
0
0
0
0
0
0
13.5095
13.5722
26
26
22.7512
23.89
26
0
0
0
0
0
8.72802
10.3661
19.2727
26
2
26
3.77197
0
0
0
0
0
26
24.0224
26
14.9178
26
19.5777
26
26
0
0
0
0
26
26
26
26
26
26
2
26
0
0
0
0
14
22.6669
26
26
26
26
26
0
0
0
0
0
0
2.04256
26
26
26
26
2
2
0
0
0
0
0
14
26
26
17.0487
26
21.739
0
0
0
0
0
0
0
23.2803
26
19.6178
25.4323
14
0
0
0
0
0
0
0
14
14
14
0
0
0
0
