#HCal tdc vs E fit parameter P1 obtained 3_21_2023
#Exponential fit for i PMTs -> y = P0_i*exp(-P1_i*x)+P2_i, P1_i = 
0.0319676
0.0294592
0.0331357
0.0314427
0.0270479
0.0282531
0.0300046
0.01
0.0201687
0.0189962
0.0122358
0.01
0.0351163
0.0219863
0.0345935
0.0256102
0.0246913
0.0321073
0.0552445
0.0250022
0.0248558
0.0260116
0.0514106
0.01
0.0178674
0.0357525
0.0336777
0.0293369
0.0346714
0.0385506
0.0536522
0.0600987
0.0341948
0.0118173
0.0171766
0.01
0.0951255
0.0352639
0.042713
0.0356448
0.052199
0.0418498
0.0171981
0.01
0.01
0.01
0.0143084
0.0168736
0.0252516
0.0596942
0.0360217
0.0425002
0.0418028
0.0316022
0.0211378
0.01528
0.0120743
0.01
0.0324334
0.166863
0.022399
0.0110343
0.0345946
0.0363125
0.0377733
0.034194
0.0145488
0.01
0.01
0.0100694
0.0332409
0.144342
0.01
0.12748
0.0354992
0.0492023
0.0452134
0.01
0.0215913
0.01
0.01
0.01
0.0122504
0.01
0.105843
0.0299131
0.0375541
0.0292581
0.0424159
0.0326223
0.0439626
0.0231191
0.0259644
0.0331673
0.0303285
0.2
0.0197179
0.0298329
0.045271
0.0367598
0.0221303
0.0198393
0.0479433
0.0183595
0.01
0.01
0.0278427
0.01
0.0179958
0.0344594
0.031647
0.0326457
0.0358319
0.037684
0.01
0.01
0.0327814
0.0195112
0.06971
0.11151
0.0344132
0.0430668
0.033117
0.0248527
0.0438094
0.0381841
0.016836
0.0154358
0.01
0.01
0.120159
0.0140617
0.0422177
0.023124
0.0306847
0.0333031
0.0448952
0.0180896
0.0307085
0.026366
0.0285291
0.0128389
0.0524598
0.01
0.109063
0.0551713
0.051642
0.0524789
0.0523391
0.0738893
0.0728605
0.0664618
0.0414206
0.0426031
0.0288516
0.0501197
0.0120058
0.0489823
0.0308432
0.0431904
0.0631785
0.0341954
0.03228
0.0109924
0.0313426
0.01
0.01
0.0300603
0.0386813
0.0364559
0.0434288
0.0349792
0.0455104
0.0374012
0.0387443
0.032755
0.0135859
0.147423
0.0215095
0.01
0.0177344
0.0554968
0.0310772
0.0227299
0.0553899
0.0599926
0.0640591
0.0704811
0.0144161
0.0196387
0.0108085
0.01
0.01
0.0508573
0.0329264
0.0354779
0.0721671
0.0446957
0.0332114
0.0553618
0.0413312
0.01
0.0380546
0.0149815
0.0426451
0.0343822
0.0383726
0.0391632
0.0331486
0.0713524
0.0335325
0.0412323
0.0285883
0.0780912
0.0166152
0.01
0.018672
0.0122575
0.0379302
0.0240089
0.0405531
0.0468505
0.0499252
0.0229
0.0693536
0.0195874
0.0515766
0.01
0.0199838
0.0168121
0.0399042
0.0423059
0.0353977
0.0518686
0.0721388
0.0414162
0.0153325
0.0161327
0.0238493
0.01
0.014318
0.0159389
0.01
0.0373892
0.0655062
0.0107404
0.0489894
0.0232622
0.0130807
0.0182517
0.0268127
0.01
0.01
0.070537
0.0131353
0.0132712
0.0169737
0.0184098
0.01
0.0283583
0.01114
0.0825434
0.0294023
0.0625733
0.01
0.01
0.01
0.0100887
0.023918
0.027209
0.0405405
0.0313084
0.01
0.0102665
0.0218542
0.0460679
0.0459697
0.155452
0.0223579
0.0231059
0.0241614
0.026196
0.0289865
0.0197793
0.0148554
0.0251501
0.0446334
0.0708819
