#HCal tdc vs E fit parameter P0 obtained 3_9_2023
#Exponential fit for i PMTs -> y = P0_i*exp(-P1_i*x)+P2_i, P0_i = 
0
0
0
0
0
0
0
0
0
0
0
0
0
0
0
0
0
0
0
0
0
0
0
0
0
0
0
0
0
0
0
0
0
0
0
0
0
0
0
26
14.2513
26
26
26
23.7441
14
14
0
0
0
4.94793
26
14.8245
26
4.75716
2
2
26
14
0
0
0
19.1297
13.3589
7.09724
14.3084
26
26
2
26
26
14
0
0
0
26
26
21.4405
14.0827
21.7862
2
2.00098
2
0
0
26
14.3498
2
10.0215
7.21013
26
15.8012
5.43081
26
2
14
0
2
18.085
10.6711
13.1963
3.274
8.64796
26
2
2
26
14
14
2
2
5.48273
2
7.91796
9.87531
18.7075
9.9891
26
3.0291
14
14
26
2
7.17823
14.5815
2
5.45847
13.0572
4.63915
2
23.2816
14
14
2
2
2
9.28681
12.9112
2.23936
6.70053
2
2
2.66277
14
0
26
2
9.61943
8.58148
7.11342
26
26
21.4497
26
24.4961
14
3.38476
2
7.98508
14.8439
13.9214
8.0404
5.81084
2
2
2
2.43265
14
14
2
9.73177
7.87669
4.00476
14.8333
26
2
3.26697
0
22.857
21.1973
0
26
2
8.12643
8.49561
16.3847
16.5818
26
2
5.8489
2
14
14
12.0329
4.23057
2
14.5306
7.61747
9.76293
14.681
16.5047
26
26
14
14
26
26
22.3589
20.9205
26
6.75095
10.9839
3.89615
26
26
14
14
26
26
18.4382
14.5645
14.3804
26
4.84829
2
2
2
14
14
26
2
2
26
11.2912
26
26
15.7039
26
14
14
0
14
0
3.02836
26
2
2
7.33398
13.4963
2
17.2408
14
0
0
2
2
5.17138
2
2
26
23.3363
2
14
14
0
14
2
2
2
24.2501
16.4082
26
2
2
14
14
0
14
2
2
26
2
9.39694
12.1929
2
2
2
14
