#HCal tdc vs E fit parameter P0 obtained 3_21_2023
#Exponential fit for i PMTs -> y = P0_i*exp(-P1_i*x)+P2_i, P0_i = 
0
14.5633
8.95173
17.3472
12.7293
12.2767
25.4411
17.9539
22.3913
9.90257
10.7764
16.7482
0
26
8.49953
6.6391
13.1903
14.078
8.23051
4.38014
9.98249
15.1027
8.88553
11.6562
0
2
17.7223
10.4393
8.78211
9.42778
8.51011
10.7919
13.1797
13.3277
12.1034
17.6097
0
15.6823
11.0005
9.57027
9.23892
10.768
10.0198
16.5583
12.5917
13.7025
16.5115
20.5197
0
17.4406
12.7675
12.7662
11.4663
9.99478
13.476
14.0953
13.3551
14.3855
8.89152
26
23.1582
14.8472
13.924
13.4985
12.6652
11.6367
13.442
12.4108
13.0175
11.3557
22.4697
25.9252
12.9112
11.9673
9.32568
11.117
11.4044
26
12.4556
12.4035
12.8745
16.1343
16.2733
26
26
19.4939
10.5434
12.0471
10.384
9.8499
12.835
10.8929
11.7081
10.9371
12.8021
7.89632
26
26
14.1862
12.0575
10.048
10.2486
11.5288
11.6521
12.5492
11.9265
9.73937
26
25.1893
22.7823
13.0153
10.9548
10.0683
12.0822
12.1964
13.4174
11.5463
13.6816
19.4539
12.9284
23.3521
21.3461
11.4603
13.3668
13.6453
11.533
14.166
10.9548
12.7382
10.8753
19.9742
11.5664
15.2747
9.52432
17.2829
10.8849
13.8778
12.5362
9.81165
11.8971
10.5744
24.3991
12.8342
23.9493
16.817
10.969
14.0991
7.18686
8.41552
9.4699
14.4677
15.4008
15.7899
17.0717
26
26
26
13.8897
11.2161
10.4231
10.2777
11.9377
11.2731
12.8804
11.9609
11.4285
26
26
12.6621
16.1927
12.0785
11.1308
14.8735
14.4555
12.2344
11.3231
9.86784
7.26707
15.9324
26
26
13.4468
8.90534
12.1662
11.3315
12.4657
14.4261
12.7237
12.4014
22.0236
24.0915
26
26
11.169
12.3072
14.3844
8.64873
16.4382
12.9868
8.77579
13.8054
21.8771
26
25.7659
18.5095
24.0056
15.23
11.3844
12.3541
11.4407
12.6931
11.8399
14.7852
14.1502
14.5827
26
26
15.596
10.7033
16.4516
11.5903
13.0589
15.1552
12.9708
11.5633
12.4247
20.112
26
26
19.6471
16.6175
12.4037
12.2126
11.2596
11.3232
11.0394
14.9077
15.5414
14.4988
24.273
26
26
7.65848
11.4571
0
10.7447
14.7987
12.0556
16.8286
16.3264
26
18.8243
26
19.8392
16.035
10.6142
11.3503
12.4971
13.7176
11.6595
15.6459
12.8527
13.8038
26
0
26
12.7852
14.5527
8.52467
12.5023
10.3375
10.4619
12.0693
10.8538
20.4402
26
26
26
12.0047
10.1467
9.7809
13.2203
10.0372
15.9923
11.0301
11.0498
14.8016
26
