#HCal tdc vs E fit parameter P0 obtained 3_8_2023
#Exponential fit for i PMTs -> y = P0_i*exp(-P1_i*x)+P2_i, P0_i = 
0
0
0
0
0
0
0
0
0
0
0
0
0
0
0
0
0
0
0
0
0
0
0
0
0
14
14
26
2
14
14
14
14
0
0
0
14
9.26233
26
10.1593
26
26
2
2
3.57526
14
0
0
14
26
26
15.9238
10.9519
26
19.2228
10.0696
26
12.0449
14
0
14
26
12.1206
10.7294
13.3144
21.0485
26
24.3709
15.4071
26
14
14
14
2
15.8668
13.1074
12.0643
21.6573
20.4769
22.277
3.6564
14.089
25.3086
14
26
12.3035
15.7645
9.46076
19.8714
19.8124
24.6305
12.5326
11.5671
2
25.4782
14
26
17.8306
13.4484
11.8566
11.6237
9.5915
13.9271
26
11.4197
4.39129
6.48473
14
14
22.0001
2
6.22489
9.61938
9.69713
15.3621
13.2918
2
2
25.8557
14
2
26
15.2118
12.2172
7.80713
13.4823
18.4657
21.853
3.8637
2
14
14
26
5.41468
13.9276
7.14504
22.7386
12.1734
12.1575
17.2395
17.9823
2
25.2107
14
26
26
9.26881
9.46506
26
16.1445
26
26
26
26
19.6443
14
26
19.7835
9.85964
21.5186
10.2359
14.7259
15.2436
23.931
17.6797
2
14
14
26
26
7.07517
5.23882
16.6938
14.0139
6.32559
8.2228
2
26
25.5052
14
14
26
24.4761
7.14584
26
26
26
26
2.35965
2
26
14
14
26
26
9.63566
26
26
15.5576
23.9751
26
2.00004
2
14
14
2
26
26
26
26
14.6747
20.8342
26
2
14
14
14
2.66037
26
4.92947
2
26
26
2
14
14
14
14
14
14
14
25.3571
14
14
14
14
14
14
14
14
14
14
0
14
14
14
14
14
14
14
14
14
14
14
14
14
14
14
14
14
14
14
14
14
14
14
14
14
14
14
14
14
14
14
14
0
14
14
14
14
14
14
14
14
14
14
14
0
