#HCal tdc vs E fit parameter P2 obtained 3_14_2023
#Exponential fit for i PMTs -> y = P0_i*exp(-P1_i*x)+P2_i, P2_i = 
0
0
0
0
0
0
0
0
0
0
0
0
0
0
0
0
0
0
0
0
0
0
0
0
0
0
0
0
0
0
0
0
0
0
0
0
0
0
0
0
0
0
0
0
0
0
0
0
0
0
0
0
0
-68.8963
0
0
0
0
0
0
0
0
0
0
-68.896
-73.3831
-84.2457
-80.1042
0
0
0
0
0
0
0
0
-73.4236
-72.7784
-77.4905
-70.2714
-65.408
0
0
0
0
0
0
-72.0998
-85.4578
-79.3855
-84.0025
-75.5169
-73.4818
-78.8628
0
0
0
0
0
-69.5492
-68.9951
-72.1772
-71.9896
-71.3165
-72.2882
-70.9547
0
0
0
0
0
-77.4461
-69.6695
-70.5566
-81.8132
-77.7338
-83.9876
-71.8796
0
0
0
0
-71.2579
-67.6489
-72.32
-76.4915
-78.5013
-82.6772
-70.6176
-77.1002
0
0
0
0
-66.4699
-70.1508
-74.2371
-74.6487
-72.9609
-74.1926
-71.4282
-84.4624
0
0
0
0
0
-63.257
-71.7091
-67.2363
-70.0758
-69.368
-73.6424
0
0
0
0
0
-76.2429
-70.3886
-76.8822
-75.3131
-73.6963
-76.657
-81.9683
0
0
0
0
0
-70.6385
-76.286
-72.4297
-78.2848
-77.6865
-77.135
-73.4214
0
0
0
0
0
0
-68.9221
-72.5061
-73.2907
-67.6717
-71.2354
-86.4297
-91.396
0
0
0
0
0
-66.969
-78.8074
-72.4552
-73.0744
-77.1911
-68.669
-69.7344
0
0
0
0
0
-65.6022
-81.9118
-72.1448
-73.376
-72.9647
-70.5392
-88.7176
-73.1673
0
0
0
0
-35.1271
-66.4235
-70.9015
-73.2059
-71.5798
-69.6622
-70.1938
-76.9545
0
0
0
0
-77
-71.6392
-65.8358
-74.3311
-72.2706
-69.3889
-70.7667
0
0
0
0
0
0
-113.548
-67.2781
-70.5865
-76.8622
-71.5992
-93.3978
-80.6165
0
0
0
0
0
-77
-70.7184
-97.1706
-93.007
-89.3109
-112.272
0
0
0
0
0
0
0
-133.447
-128.169
-67.8309
-71.6015
-77
0
0
0
0
0
0
0
-77
-77
-77
0
0
0
0
