#HCal adct vs E fit parameter P2 obtained 3_21_2023
#Exponential fit for i PMTs -> y = P0_i*exp(-P1_i*x)+P2_i, P2_i = 
44.6865
46.9222
46.5657
47.0745
45.5305
46.9234
47.5685
49.2762
47.8822
45.8895
44.4909
50.135
47.1011
46.5303
46.379
46.4511
47.0655
46.042
46.6051
47.8107
44.8304
45.9595
50.1079
53.4567
33.8066
45.496
44.8453
47.1339
46.4354
47.0882
47.3982
48.2545
48.0072
45.9814
43.3707
53.1205
46.2426
46.3318
46.655
45.8676
46.4359
47.2132
48.1817
46.4018
45.6944
45.3531
45.7315
51.4262
48.2377
45.4533
46.7306
46.7378
46.5432
46.7476
45.4545
45.765
49.3151
45.9976
47.6598
41.7275
44.5638
47.0197
46.6584
47.5564
46.1006
45.5644
47.488
46.918
45.2686
49.4768
43.3126
48.4188
49.1369
45.1966
45.2459
46.5731
47.4532
47.4437
46.5803
46.3337
46.0629
49.3257
48.3823
56.1567
46.3514
45.8146
45.5845
46.2201
46.631
45.3346
46.9372
45.3469
46.9714
47.0655
44.8628
47.202
46.5063
46.2206
46.4208
46.8925
46.9265
45.0111
47.2374
45.7968
48.7691
49.8494
47.0853
45.4945
49.4701
47.3623
46.3658
46.9782
47.7264
46.2558
49.1145
49.6122
47.3102
48.5512
47.2293
48.7133
48.5194
47.7455
46.9467
47.6797
47.846
47.7141
48.7387
49.3959
48.656
49.5917
45.4251
49.8347
45.2242
47.1083
47.5686
47.6249
48.9643
49.0268
47.7754
47.7696
44.7612
47.2811
48.8839
48.5858
46.2845
47.0051
47.9197
48.969
48.6605
48.6627
49.4407
49.5402
48.3725
46.4116
49.559
55.086
50.6113
47.6581
47.9442
48.6606
48.5702
48.6866
48.4991
49.0715
48.0778
49.5511
51.1744
49.8944
43.2262
46.815
47.4881
47.4906
48.7443
48.9706
47.9133
47.9903
47.5111
46.2837
50.6718
55.3936
48.7026
47.5531
48.0504
47.7152
48.3249
48.0637
48.4213
48.7663
47.7771
48.7463
52.5433
55.9303
50.3338
47.6005
47.6118
47.6159
47.8238
47.9402
47.9838
47.7538
48.024
49.3999
50.3696
55.3709
49.5699
48.3745
47.3972
47.5534
48.0402
47.8093
48.769
49.2277
48.6089
49.2525
50.4194
55.3464
50.4686
49.3546
49.1135
48.9718
48.8873
48.8876
49.5257
49.1567
48.4361
48.8841
48.7799
54.6132
50.4347
48.4174
48.8982
49.4513
50.2702
49.6196
49.3363
48.903
48.1964
47.2945
49.0821
55.2629
50.9431
48.2514
48.0906
49.7096
52.7514
49.104
49.42
49.2101
48.5365
49.3352
48.4311
51.5568
51.5049
49.7235
49.5218
49.6291
48.7951
48.0896
49.4958
49.3457
49.1943
50.4491
48.6541
47.0791
0
52.3162
49.8562
49.116
48.2764
48.375
48.9309
49.0587
49.4073
48.3843
49.069
49.4784
46.7648
44.996
47.2166
47.436
47.4878
47.4034
47.645
48.486
47.4646
47.4652
47.2878
47.8962
