#HCal adct vs E fit parameter P1 obtained 3_9_2023
#Exponential fit for i PMTs -> y = P0_i*exp(-P1_i*x)+P2_i, P1_i = 
0
0
0
0
0
0
0
0
0
0
0
0
0
0
0
0
0
0
0
0
0
0
0
0
0
0
0
0
0
0
0
0
0
0
0
0
0
0
0
0.008
0.05
0.05
0.0343783
0.0103662
0.05
0.05
0.05
0
0
0
0.05
0.05
0.05
0.05
0.05
0.05
0.05
0.0236214
0.05
0
0
0.0134634
0.05
0.05
0.05
0.05
0.0484698
0.05
0.05
0.05
0.05
0.05
0
0
0.008
0.05
0.0164871
0.05
0.0445911
0.0335565
0.0289789
0.05
0.0088316
0.05
0
0.008
0.05
0.05
0.05
0.05
0.05
0.0495914
0.008
0.05
0.05
0.05
0.05
0.05
0.05
0.05
0.05
0.05
0.05
0.0359099
0.05
0.05
0.05
0.05
0.05
0.05
0.05
0.05
0.05
0.05
0.0401685
0.0313943
0.05
0.05
0.05
0.05
0.05
0.05
0.05
0.0358126
0.05
0.05
0.0358841
0.05
0.05
0.05
0.05
0.05
0.05
0.05
0.05
0.05
0.05
0.05
0.05
0.05
0.05
0.05
0.0402793
0.05
0
0.05
0.05
0.05
0.0197223
0.05
0.0394705
0.05
0.05
0.05
0.05
0.05
0.0480003
0.05
0.05
0.05
0.05
0.05
0.05
0.0430464
0.05
0.05
0.05
0.0111794
0.05
0.05
0.05
0.05
0.05
0.05
0.05
0.05
0.05
0.05
0.05
0.05
0.01
0.05
0.05
0.05
0.05
0.05
0.05
0.0490491
0.05
0.05
0.05
0.01
0.040212
0.05
0.05
0.05
0.05
0.05
0.05
0.05
0.05
0.05
0.05
0.01
0.01
0.0143394
0.05
0.0197575
0.05
0.05
0.05
0.0405364
0.0153121
0.05
0.05
0.05
0.01
0.05
0.05
0.05
0.05
0.0474816
0.0457781
0.0393629
0.05
0.05
0.05
0.05
0.05
0.05
0.05
0.05
0.0430642
0.05
0.0404568
0.05
0.05
0.008
0.05
0.05
0.05
0.05
0.05
0.05
0.05
0.05
0.049999
0.05
0.05
0.0293715
0.05
0.05
0
0.05
0.05
0.008
0.05
0.05
0.05
0.0469537
0.05
0.05
0.05
0.05
0
0.0460604
0.05
0.05
0.05
0.05
0.05
0.0298686
0.05
0.05
0.05
0.05
0
0.05
0.05
0.05
0.05
0.05
0.05
0.05
0.05
0.05
0.05
0.05
