#HCal adct vs E fit parameter P1 obtained 3_14_2023
#Exponential fit for i PMTs -> y = P0_i*exp(-P1_i*x)+P2_i, P1_i = 
0
0
0
0
0
0
0
0
0
0
0
0
0
0
0
0
0
0
0
0
0
0
0
0
0
0
0
0
0
0
0
0
0
0
0
0
0
0
0
0
0
0
0
0
0
0
0
0
0
0
0
0
0
0.05
0.05
0
0
0
0
0
0
0
0
0
0.008
0.0204942
0.05
0.0236103
0.05
0
0
0
0
0
0
0
0.05
0.028752
0.05
0.05
0.05
0.0227158
0
0
0
0
0
0.05
0.05
0.05
0.05
0.008
0.05
0.05
0
0
0
0
0
0.05
0.05
0.05
0.05
0.05
0.05
0.05
0
0
0
0
0.0396505
0.05
0.05
0.05
0.05
0.05
0.008
0.05
0
0
0
0
0.05
0.05
0.05
0.05
0.05
0.0429903
0.05
0.05
0
0
0
0
0.008
0.05
0.05
0.05
0.05
0.0349539
0.05
0.008
0
0
0
0
0.05
0.008
0.05
0.05
0.05
0.0384347
0.05
0.008
0
0
0
0
0.05
0.05
0.05
0.05
0.05
0.05
0.05
0.05
0
0
0
0
0.05
0.05
0.05
0.05
0.05
0.05
0.05
0
0
0
0
0
0.008
0.010481
0.05
0.05
0.05
0.0472306
0.0415167
0.05
0.05
0
0
0
0.05
0.05
0.05
0.05
0.05
0.05
0.05
0.05
0.05
0.05
0
0
0
0.05
0.05
0.05
0.05
0.05
0.05
0.05
0.05
0.0168235
0
0
0
0.05
0.05
0.05
0.05
0.05
0.05
0.0111734
0.05
0.0417606
0
0
0
0.05
0.05
0.05
0.0107974
0.05
0.05
0.05
0.025452
0.05
0
0
0
0
0.05
0.0386839
0.05
0.0396922
0.008
0.05
0.05
0.05
0
0
0
0
0.05
0.05
0.05
0.0303255
0.05
0.05
0.05
0.05
0
0
0
0
0
0.05
0.05
0.05
0.05
0.05
0.05
0
0
0
0
0
0
0.05
0.05
0.05
0.05
0
0
0
