#HCal adct vs E fit parameter P2 obtained 3_21_2023
#Exponential fit for i PMTs -> y = P0_i*exp(-P1_i*x)+P2_i, P2_i = 
0
48.3615
50.2893
50.0863
50.3925
49.7471
50.5795
50.3881
48.8189
46.8494
47.2451
50.2496
0
48.9211
51.6364
50.8413
51.3303
50.0061
50.0635
49.6212
49.9706
49.0934
53.0932
53.8179
0
52.6155
49.2287
49.8125
51.3539
51.5811
49.0366
49.4241
49.7235
48.0426
47.9058
49.4206
0
50.632
50.3215
50.4924
50.6299
50.7867
50.3316
50.507
49.5735
47.0838
48.8291
50.0941
52.0049
49.8641
50.1392
50.1698
49.656
49.3829
49.5761
50.6466
49.4129
49.4308
49.4375
48.0862
48.7575
50.845
50.2111
50.4753
50.3186
49.8765
49.6581
50.4032
49.86
48.1322
48.332
45.378
61.5815
48.2994
45.5438
50.2719
49.9922
50.2703
49.3624
49.8671
49.2228
47.6737
49.0559
50.5645
50.5472
50.429
50.0229
50.1604
50.0263
50.6696
49.5854
48.6182
48.0715
47.0711
46.0061
48.8558
53.2853
51.6744
50.5966
50.9612
50.6956
50.9475
49.2859
50.7179
48.7843
47.2314
47.7613
48.0144
54.0902
52.383
51.7407
51.6466
51.7178
51.325
50.5985
50.0094
49.5706
49.3854
49.4153
48.5541
54.93
52.6908
52.0194
51.961
52.1204
51.8419
50.9742
50.2696
50.5574
47.8299
48.777
45.5408
48.9872
50.7931
51.5499
52.1299
52.1484
51.2137
51.2112
51.044
50.7116
49.4458
50.8214
52.0495
59.6188
53.2916
51.2884
51.4064
52.0779
51.1963
51.4661
51.9305
51.8531
51.0743
50.637
52.7075
55.1815
52.877
52.1256
52.3812
51.6639
52.1355
51.8289
51.8979
50.291
49.3947
51.4011
52.3571
49.1555
51.2692
50.979
51.1712
52.2247
52.1784
51.3032
51.062
51.1843
50.0868
52.1949
53.525
50.6965
52.5701
52.6935
50.7455
52.0835
50.9223
51.7192
51.9914
51.9495
51.6015
52.318
54.0696
53.4939
52.0573
52.9628
52.4256
51.8132
51.977
51.6182
51.3634
51.0942
51.8314
52.8391
53.911
50.2045
52.8408
51.7784
52.6348
52.905
52.1411
52.2936
51.7531
52.0334
51.9605
52.6372
55.6454
59.0471
53.7932
53.4502
52.9339
52.8246
52.5069
52.3057
51.5376
52.2552
52.5572
52.7224
54.9326
54.8535
52.6422
52.7647
51.0276
51.206
52.7638
51.4866
52.9568
52.3866
52.6655
52.5205
55.5285
58.3515
52.2218
52.7899
52.2001
53.5393
51.7131
52.3416
52.7549
52.3556
52.5428
51.9597
50.9703
54.9554
52.5386
51.6511
51.3413
53.2429
52.5561
52.0362
52.7102
52.0123
51.2437
50.927
50.5522
0
55.2101
53.8034
53.3785
52.7095
52.5607
52.4674
51.0641
51.1326
50.7293
49.5895
50.2197
57.0936
50.5579
51.6287
51.6555
52.4422
52.5655
51.4352
51.6898
51.6815
51.7332
48.2603
49.9055
