#HCal adct vs E fit parameter P2 obtained 3_9_2023
#Exponential fit for i PMTs -> y = P0_i*exp(-P1_i*x)+P2_i, P2_i = 
0
0
0
0
0
0
0
0
0
0
0
0
0
0
0
0
0
0
0
0
0
0
0
0
0
0
0
0
0
0
0
0
0
0
0
0
0
0
0
54.2371
60.5301
61.0424
61.2393
64.8172
61.757
61.4032
62.3138
0
0
0
62.9308
58.7506
56.5897
56.6204
59.8604
63.3514
62.8345
57.0394
55.2964
0
0
58.4009
59.9056
57.2582
56.7859
57.0203
57.1703
60.3242
59.7859
61.5164
54.066
53.8901
0
0
54.0968
55.7983
56.8717
56.1094
57.8681
59.0293
56.9854
60.3125
55.0255
49.9337
0
50.6361
55.7045
54.9965
55.546
54.8278
55.3931
55.5792
54.613
55.5372
58.1693
58.3394
55.9309
59.5461
57.0375
56.0657
56.0803
55.6843
56.7229
57.0243
57.0449
59.7806
58.9485
58.4949
60.3803
58.7709
56.1675
55.7822
56.7752
56.4355
58.3561
58.7978
55.1373
55.1799
52.817
53.5826
59.0341
59.5732
58.8805
58.795
57.2913
57.9566
58.871
59.4192
57.551
59.7346
56.0684
51.4321
51.8702
54.3212
55.7671
55.982
59.4746
59.8807
57.5535
57.0475
55.0529
56.4847
60.1452
60.5158
0
57.3809
56.5099
58.402
57.9241
59.1063
59.1826
60.497
58.4953
61.451
63.0947
61.9726
57.4267
59.0471
57.6304
57.1398
57.8616
58.0314
57.4095
59.6701
57.3505
60.3263
61.2782
63.3534
54.7184
54.9087
57.2223
57.1007
58.7799
58.1393
57.3053
57.0547
55.8735
52.4485
61.0103
60.2803
75
57.0268
58.8674
58.7818
58.9376
58.5042
58.253
60.207
58.2102
60.0931
61.3242
75
58.4488
57.3831
58.8232
58.8452
59.2931
58.3044
59.2017
58.6835
55.1425
58.6749
60.9125
75
75
57.8669
57.5732
57.2488
58.44
58.1565
58.0246
58.8324
56.7155
55.726
57.5701
60.9612
75
60.4701
59.5182
58.1197
58.7114
58.3094
57.5928
58.0827
55.2517
57.8955
57.9773
63.97
61.7356
59.3873
58.8132
58.5401
60.1699
57.8621
57.5758
58.8539
58.2399
57.9039
63.6377
60.8234
66.2033
60.1628
50.3932
59.7061
61.7808
56.5475
59.0857
60.3134
59.7437
59.7822
54.7759
56.8129
0
59.3084
59.1981
57.1374
58.3654
57.0445
59.1516
60.0369
57.6725
53.027
56.2071
53.9703
0
58.6996
60.3442
59.2408
58.2731
56.7844
59.2721
58.9007
55.8071
59.096
54.2272
54.8585
0
54.8941
54.3523
55.4689
55.9628
56.4933
57.7929
58.2856
54.9322
56.7226
54.5024
57.8425
