#HCal adct vs E fit parameter P2 obtained 3_14_2023
#Exponential fit for i PMTs -> y = P0_i*exp(-P1_i*x)+P2_i, P2_i = 
0
0
0
0
0
0
0
0
0
0
0
0
0
0
0
0
0
0
0
0
0
0
0
0
0
0
0
0
0
0
0
0
0
0
0
0
0
0
0
0
0
0
0
0
0
0
0
0
0
0
0
0
0
59.0566
64.0137
0
0
0
0
0
0
0
0
0
60.6395
59.1435
61.33
62.171
59.3606
0
0
0
0
0
0
0
62.0967
60.7079
61.644
62.1562
62.2849
60.0606
0
0
0
0
0
59.3755
60.3264
59.8868
59.8188
59.5635
57.7888
55.44
0
0
0
0
0
59.1478
60.2284
59.8628
60.2193
61.3737
57.8197
60.939
0
0
0
0
59.3026
61.1246
60.8595
59.191
61.2663
62.0044
55.4975
55.4835
0
0
0
0
59.8196
60.4931
60.1656
60.6769
61.1595
61.5083
60.2994
58.1743
0
0
0
0
59.53
60.1686
62.9399
62.3919
61.1928
58.8961
59.1649
58.7743
0
0
0
0
63.1776
57.3027
62.2501
63.1558
62.9217
63.4127
60.702
60.9576
0
0
0
0
59.4439
61.9739
62.4122
61.963
60.9937
62.1839
60.3215
63.164
0
0
0
0
60.0046
61.2671
62.4029
62.2411
60.653
60.5875
59.3911
0
0
0
0
0
56.6342
60.807
63.0001
63.5787
61.8411
62.1899
60.9841
60.3319
61.3428
0
0
0
63.4472
62.642
62.1508
63.7369
62.7187
62.0914
60.8119
61.5924
60.6189
56.5244
0
0
0
61.2168
62.1716
62.5581
63.4293
62.8887
61.7144
61.4153
61.5342
59.2671
0
0
0
63.0484
62.8241
62.5595
63.4761
62.9757
60.825
59.6711
59.4228
59.5025
0
0
0
60.2894
63.6492
63.1312
59.8626
62.8017
60.0015
61.9144
62.1478
66.8011
0
0
0
0
62.9852
59.9603
62.7581
62.8074
58.7689
61.09
56.7912
63.3581
0
0
0
0
63.9804
60.1537
61.8358
60.1766
60.67
61.058
57.3914
54.7815
0
0
0
0
0
63.3235
65.1264
63.3756
60.7013
64.2678
60.3296
0
0
0
0
0
0
65.9728
62.5641
63.3429
53.8013
0
0
0
