#HCal adct vs E fit parameter P0 obtained 3_8_2023
#Exponential fit for i PMTs -> y = P0_i*exp(-P1_i*x)+P2_i, P0_i = 
0
0
0
0
0
0
0
0
0
0
0
0
0
0
0
0
0
0
0
0
0
0
0
0
0
2
8.2606
9
4.04489
9
9
6.83844
2
0
0
0
3.36606
9
8.78533
7.00564
9
9
9
4.9949
2
2
2
0
9
9
7.21604
9
6.80711
6.36337
9
7.86244
3.9164
7.02196
2
0
9
8.99599
9
8.9284
7.22968
8.4854
9
9
2
2.26125
9
3.09053
7.54888
3.24238
2
3.93336
7.7477
9
8.99735
9
6.77502
2
3.08101
9
7.41852
2.41385
3.66608
3.80616
5.73446
5.93189
9
8.453
3.3616
2
2
3.92828
7.5463
8.40898
6.52313
6.59727
7.40658
7.26233
9
9
3.62442
2
2
2
8.20748
7.2003
2
2
4.43729
5.47008
9
9
3.63506
2
2
9
9
9
6.25555
8.324
6.04762
7.68184
8.99576
9
4.91315
3.67538
6.60878
2
6.61384
2.23122
2
2.67159
9
9
7.09827
7.74757
2
3.58139
5.12574
9
3.23924
4.50154
2.82782
3.75521
6.97987
7.7832
8.9992
9
5.26797
4.28036
6.17785
5.2703
9
7.92497
5.25508
4.89253
7.57799
8.9981
9
9
4.53758
5.258
5.24311
2.81202
2
3.61162
2
3.0191
9
9
6.54405
6.66592
2
2
9
9
8.03593
6.70184
7.64056
5.89742
9
9
9
9
6.05131
5.21023
5.22688
9
8.91253
3.94972
7.65195
7.07435
9
9
9
9
2.71061
2.73949
5.2593
2
7.07407
8.414
3.86869
4.95362
9
9
9
9
2.99371
2
2
9
9
9
7.52784
8.09035
8.99968
9
9
9
2
2
2
9
9
8.66743
8.24814
6.92346
9
9
9
9
6.67816
2
9
9
5.27064
8.74052
2
6.74375
2.79444
4.37148
9
9
3.36814
2
2
9
9
8.02296
7.43698
5.57545
5.35092
2.82568
9
9
4.77595
2
2
9
0
9
7.76659
7.53215
5.92154
4.42005
9
9
7.68131
4.69826
5.2089
9
10
10
2
2
8.28278
2
3.55994
2
2
2
3.93454
5.18075
