#HCal adct vs E fit parameter P1 obtained 3_21_2023
#Exponential fit for i PMTs -> y = P0_i*exp(-P1_i*x)+P2_i, P1_i = 
0
0.05
0.05
0.0226359
0.05
0.0152374
0.05
0.0233483
0.0147387
0.016736
0.0333646
0.0307311
0
0.0228874
0.05
0.05
0.05
0.0216519
0.05
0.05
0.05
0.0215175
0.05
0.05
0
0.05
0.0436431
0.012969
0.0470394
0.05
0.05
0.05
0.05
0.0187453
0.05
0.0122268
0
0.05
0.05
0.05
0.0276361
0.0343243
0.0206334
0.05
0.05
0.0149896
0.0499998
0.05
0.05
0.05
0.05
0.05
0.0174504
0.0190047
0.0230015
0.0431422
0.0208799
0.05
0.05
0.05
0.05
0.0405175
0.0485313
0.0329202
0.0445285
0.0489438
0.05
0.05
0.0487577
0.0188021
0.0316768
0.0104556
0.05
0.017342
0.00921122
0.05
0.05
0.0487012
0.0251706
0.035282
0.0285268
0.0169229
0.0333755
0.0357538
0.05
0.0488665
0.0332686
0.05
0.0155323
0.05
0.0276455
0.0209403
0.0161289
0.0136432
0.00846726
0.05
0.05
0.05
0.05
0.05
0.0160153
0.05
0.0174233
0.0469569
0.011838
0.008
0.008
0.05
0.0348032
0.05
0.0494941
0.0314653
0.0237323
0.05
0.0216365
0.018723
0.0147984
0.0317365
0.05
0.05
0.05
0.0484192
0.05
0.0295611
0.05
0.05
0.0337804
0.0150032
0.05
0.008
0.05
0.008
0.05
0.05
0.0385818
0.0356869
0.0297272
0.0152341
0.05
0.04814
0.049351
0.0180601
0.05
0.0432327
0.0270634
0.0339603
0.028136
0.05
0.05
0.0288244
0.0295864
0.0409908
0.05
0.0447113
0.05
0.0340449
0.0401951
0.05
0.0321614
0.0499992
0.0182018
0.0483261
0.0445164
0.05
0.0163395
0.00997133
0.0360835
0.048556
0.05
0.05
0.0212925
0.0156164
0.05
0.05
0.0394372
0.0289179
0.05
0.05
0.05
0.05
0.014334
0.0318952
0.05
0.0143788
0.0484479
0.0192163
0.0337481
0.038548
0.0473242
0.05
0.05
0.0455638
0.049761
0.0277967
0.05
0.0493005
0.0280422
0.0497364
0.0355825
0.0337584
0.032705
0.05
0.05
0.0347917
0.05
0.05
0.05
0.0497106
0.0497021
0.033919
0.043913
0.0349775
0.05
0.05
0.05
0.0464226
0.05
0.0468905
0.05
0.05
0.0335324
0.0288175
0.05
0.0213116
0.0423372
0.05
0.0431398
0.05
0.0334203
0.05
0.05
0.0136963
0.0113159
0.05
0.0175664
0.0487824
0.0316456
0.05
0.05
0.0467858
0.0286851
0.0412113
0.05
0.0266482
0.05
0.0160934
0.05
0.0339342
0.05
0.05
0.05
0.0226685
0.0150164
0.0253136
0.0134708
0.00821445
0.0498269
0.05
0.018254
0.0477287
0.0427965
0.023549
0.0305883
0.05
0
0.05
0.05
0.0216583
0.0173055
0.0147517
0.027675
0.0152656
0.0126293
0.0129803
0.0102665
0.05
0.05
0.05
0.0341221
0.0143401
0.0257605
0.05
0.0143279
0.0412175
0.05
0.05
0.0117529
0.05
