#HCal adct vs E fit parameter P0 obtained 3_8_2023
#Exponential fit for i PMTs -> y = P0_i*exp(-P1_i*x)+P2_i, P0_i = 
0
0
0
0
0
0
0
0
0
0
0
0
0
0
0
0
0
0
0
0
0
0
0
0
0
0
0
0
0
0
0
0
0
0
0
0
0
0
0
0
0
0
0
0
0
0
0
0
0
0
0
0
0
0
0
0
0
0
0
0
0
0
0
0
0
0
7.50152
2
6.54666
2
0
0
0
0
0
0
0
2
3.37031
9
3.47072
2
0
0
0
0
0
0
2.42384
2
2
2
2
2
2
0
0
0
0
0
2
2
6.13542
6.57737
2
6.17319
2
0
0
0
0
0
2
2
8.02093
7.36659
2
2
9
0
0
0
0
2
2
2
4.79949
6.66495
2
2
2
0
0
0
0
2
5.30953
7.88604
2
2
2
2
9
0
0
0
0
0
6.22888
2
7.03417
8.63695
2
2
2
0
0
0
0
6.22299
2
3.52251
2
7.2607
2
2
2.2995
0
0
0
0
2
6.21193
2
2
2
2
2
2
9
0
0
0
0
5.33425
2
5.77912
6.70749
2
2
2
2
0
0
0
0
2
2
8.23269
2
2
2
2
9
0
0
0
0
3.10162
6.07074
6.91996
6.65273
2
2
2
9
0
0
0
0
2
2
2
2.26053
2
2
2
3.37644
0
0
0
0
9
2
3.59304
4.7444
2
2
2
0
0
0
0
0
2
2
2.51846
6.55301
2
2
2
0
0
0
0
0
2
2
2
2
2
2
2
9
0
0
0
0
0
2
2
2
2
2.68325
2
0
0
0
0
0
0
2
2
2
2
2
2
0
