#HCal adct vs E fit parameter P1 obtained 3_8_2023
#Exponential fit for i PMTs -> y = P0_i*exp(-P1_i*x)+P2_i, P1_i = 
0
0
0
0
0
0
0
0
0
0
0
0
0
0
0
0
0
0
0
0
0
0
0
0
0
0
0
0
0
0
0
0
0
0
0
0
0
0
0
0
0
0
0
0
0
0
0
0
0
0
0
0
0
0
0
0
0
0
0
0
0
0
0
0
0
0
0.05
0.05
0.05
0.05
0
0
0
0
0
0
0
0.05
0.05
0.05
0.05
0.05
0
0
0
0
0
0
0.012693
0.05
0.05
0.05
0.05
0.05
0.05
0
0
0
0
0
0.05
0.05
0.05
0.05
0.05
0.05
0.05
0
0
0
0
0
0.05
0.05
0.05
0.05
0.05
0.05
0.05
0
0
0
0
0.05
0.05
0.05
0.05
0.05
0.05
0.05
0.05
0
0
0
0
0.05
0.05
0.05
0.05
0.05
0.05
0.05
0.0394509
0
0
0
0
0
0.05
0.05
0.05
0.05
0.05
0.05
0.05
0
0
0
0
0.008
0.05
0.05
0.05
0.05
0.05
0.05
0.05
0
0
0
0
0.05
0.05
0.05
0.05
0.05
0.05
0.05
0.05
0.05
0
0
0
0
0.05
0.05
0.05
0.05
0.05
0.05
0.05
0.05
0
0
0
0
0.05
0.05
0.05
0.05
0.05
0.05
0.05
0.05
0
0
0
0
0.05
0.05
0.05
0.05
0.05
0.05
0.05
0.05
0
0
0
0
0.05
0.05
0.05
0.05
0.05
0.05
0.05
0.05
0
0
0
0
0.0364374
0.05
0.05
0.05
0.05
0.05
0.05
0
0
0
0
0
0.05
0.05
0.05
0.05
0.05
0.05
0.05
0
0
0
0
0
0.05
0.05
0.05
0.0302205
0.05
0.05
0.05
0.05
0
0
0
0
0
0.05
0.05
0.05
0.05
0.05
0.05
0
0
0
0
0
0
0.05
0.05
0.05
0.05
0.05
0.05
0
