#HCal adct vs E fit parameter P1 obtained 3_21_2023
#Exponential fit for i PMTs -> y = P0_i*exp(-P1_i*x)+P2_i, P1_i = 
0.0191621
0.05
0.05
0.05
0.0130704
0.0485602
0.05
0.05
0.0499992
0.008
0.008
0.05
0.0250273
0.05
0.0498093
0.0166957
0.0112501
0.0135481
0.0284121
0.05
0.008
0.0111259
0.05
0.05
0.05
0.05
0.0111717
0.0191825
0.0144009
0.0196302
0.0498881
0.05
0.0435561
0.008
0.0106462
0.05
0.05
0.05
0.05
0.012644
0.0184503
0.0393944
0.05
0.008
0.008
0.008
0.008
0.0449416
0.05
0.0267078
0.05
0.0332325
0.0173411
0.0434854
0.008
0.008
0.0455759
0.008
0.0487747
0.008
0.0131346
0.05
0.05
0.05
0.0162186
0.0171615
0.0463353
0.008
0.008
0.05
0.008
0.05
0.008
0.05
0.05
0.0495105
0.05
0.0490965
0.0113072
0.008
0.008
0.05
0.05
0.0346833
0.0488803
0.0499999
0.0179259
0.0206298
0.0177772
0.0148716
0.05
0.008
0.05
0.0460155
0.008
0.05
0.0127227
0.05
0.03704
0.0407952
0.0193747
0.008
0.05
0.008
0.05
0.05
0.05
0.0386424
0.05
0.05
0.0147389
0.0295907
0.0499914
0.00870326
0.05
0.05
0.05
0.05
0.05
0.05
0.0398937
0.05
0.0294344
0.05
0.0499999
0.05
0.05
0.05
0.05
0.05
0.05
0.0419661
0.0273364
0.05
0.05
0.05
0.05
0.05
0.0497075
0.05
0.00930668
0.05
0.05
0.00917415
0.05
0.05
0.05
0.05
0.05
0.05
0.05
0.05
0.05
0.0117717
0.05
0.05
0.0183513
0.05
0.05
0.05
0.05
0.05
0.05
0.05
0.05
0.05
0.05
0.00904286
0.00918949
0.05
0.05
0.0212895
0.05
0.05
0.05
0.05
0.05
0.05
0.05
0.0471872
0.05
0.05
0.05
0.05
0.05
0.05
0.05
0.05
0.05
0.05
0.05
0.05
0.0477558
0.05
0.05
0.049806
0.05
0.05
0.05
0.05
0.05
0.05
0.05
0.0374822
0.05
0.0497622
0.05
0.0491714
0.05
0.05
0.05
0.05
0.05
0.05
0.05
0.05
0.0169415
0.05
0.05
0.05
0.05
0.05
0.05
0.05
0.05
0.05
0.05
0.05
0.016692
0.0233117
0.05
0.0499999
0.05
0.05
0.05
0.05
0.05
0.0212805
0.05
0.05
0.0143699
0.0159472
0.05
0.05
0.05
0.05
0.05
0.05
0.05
0.05
0.05
0.05
0.0497849
0.05
0.05
0.05
0.05
0.05
0.05
0.05
0.05
0.05
0.05
0.0181244
0
0.0473661
0.05
0.05
0.05
0.05
0.05
0.05
0.0499993
0.008
0.05
0.05
0.05
0.05
0.05
0.05
0.05
0.05
0.05
0.05
0.05
0.0202192
0.05
0.05
