#HCal adct vs E fit parameter P2 obtained 3_8_2023
#Exponential fit for i PMTs -> y = P0_i*exp(-P1_i*x)+P2_i, P2_i = 
0
0
0
0
0
0
0
0
0
0
0
0
0
0
0
0
0
0
0
0
0
0
0
0
0
0
0
0
0
0
0
0
0
0
0
0
0
0
0
0
0
0
0
0
0
0
0
0
0
0
0
0
0
0
0
0
0
0
0
0
0
0
0
0
0
0
60.9045
61.919
56.1931
57.6612
0
0
0
0
0
0
0
60.2368
61.8076
60.7443
57.4133
60.0443
0
0
0
0
0
0
55.1191
58.3398
57.4395
56.0604
54.421
54.3232
52.6785
0
0
0
0
0
58.0975
56.4874
61.9125
61.7872
55.829
56.1139
55.1211
0
0
0
0
0
57.8016
57.5534
62.9682
61.3484
54.037
53.6778
47.8293
0
0
0
0
59.1152
57.5617
57.7562
61.913
62.2973
58.1343
58.001
51.4266
0
0
0
0
56.262
62.9092
63.1868
58.861
57.1735
54.0261
53.8869
54.8045
0
0
0
0
0
63.8356
64.4283
63.7482
63.5431
58.4493
61.7519
57.9148
0
0
0
0
52.1495
61.1275
63.2065
61.7593
61.9601
57.3467
56.2788
58.0138
0
0
0
0
58.3334
64.2636
62.8419
57.3619
56.4027
54.5716
51.9803
57.6803
54.5434
0
0
0
0
64.2395
62.982
61.6144
62.5385
59.8427
59.2385
53.1182
53.6459
0
0
0
0
64.3028
61.6042
62.7089
61.8898
54.6456
54.6526
55.9483
49.8466
0
0
0
0
60.3754
62.8766
61.4834
63.4458
56.8413
52.383
56.3206
52.9529
0
0
0
0
65.1588
63.92
64.0341
63.1534
54.2247
55.6103
55.6539
56.7403
0
0
0
0
66.3341
62.9747
63.5717
62.114
59.077
56.2306
57.6996
0
0
0
0
0
63.9417
57.5465
66.1413
64.5527
57.9705
55.8242
46.268
0
0
0
0
0
54.5428
57.1835
63.037
63.3657
56.4039
46.2999
47.1292
50.1814
0
0
0
0
0
57.8999
66.1123
65.0378
54.7665
56.4505
51.3501
0
0
0
0
0
0
56.4354
55.6727
57.3421
54.4728
53.9474
46.7677
0
