#HCal adct vs E fit parameter P0 obtained 3_21_2023
#Exponential fit for i PMTs -> y = P0_i*exp(-P1_i*x)+P2_i, P0_i = 
4.69181
3.39219
3.8334
3.72323
5.24506
4.91086
4.95615
4.79314
4.26833
2.75709
2.909
2
3.46211
6.48372
3.88544
2.84786
2.95589
3.81445
4.20475
2.839
4.53864
5.69933
5.36879
2
7.07099
4.62661
3.95604
2.5911
4.0719
4.32815
4.48351
4.53834
4.81135
5.79469
7.59069
9
4.31501
6.82494
4.36166
3.22282
4.34407
6.06086
6.08405
5.56519
5.55814
7.14753
6.10401
9
5.68768
3.9807
4.54419
4.04226
3.39453
4.21834
6.85582
7.42736
4.20897
6.37376
4.5506
7.95687
9
7.30742
5.42036
4.50317
3.87062
4.38266
7.16796
5.99589
7.10479
4.99821
6.19651
7.09443
9
3.14265
3.77623
3.94493
6.76462
6.29337
4.9778
6.20117
5.67401
3.93194
7.36389
8.95035
4.91185
4.31538
3.22134
2.48228
2.86631
4.20909
4.81577
4.36305
4.33106
5.40369
3.34344
5.76247
9
6.46416
4.05909
4.6004
3.00674
4.4035
7.45293
5.9953
3.68031
2.84038
3.00588
9
5.52954
5.61249
2.61338
2.91709
4.1571
3.6304
6.14425
5.54673
3.71095
3.14956
4.71703
3.1564
9
6.84209
4.24291
5.46583
4.18082
5.3108
7.30006
5.65126
3.68119
3.20359
5.39361
3.40583
9
4.22985
2.74912
4.76475
6.91571
7.76039
4.70388
5.69257
4.36269
3.93027
8.22577
9
4.39761
3.8449
3.96142
3.15612
4.7109
5.43152
8.60025
7.23318
5.98508
5.52747
9
6.75951
9
5.14008
4.95851
4.04218
5.66131
7.17174
6.22665
7.34237
4.51801
7.34787
9
9
6.74823
4.17979
3.52835
2.73909
6.95633
6.5435
5.66503
5.78547
3.91475
2
9
9
9
5.14502
4.89502
4.83217
6.99615
6.68141
7.43055
7.32484
6.0898
8.13565
9
7.14526
6.74316
4.32402
5.84857
5.10068
5.886
6.41085
7.19504
5.90798
5.35245
6.75208
9
9
8.95272
5.62274
4.72747
5.0115
7.25424
6.8423
7.91928
8.11265
6.38398
7.61121
9
7.22426
9
9
5.20037
4.37129
7.45533
7.09422
7.37374
7.9318
6.25074
5.81128
9
9
9
5.57008
5.77235
4.35466
6.36872
5.59014
7.22833
6.92942
6.6113
5.14189
5.63076
9
9
5.57978
2.95207
4.94697
3.46441
3.69861
6.45484
8.44788
6.13142
6.15894
4.54021
5.56041
9
6.256
5.92509
5.06073
5.34868
5.21156
6.62107
6.28198
5.0947
3.55956
4.22783
4.42167
0
9
6.42836
6.26793
5.19089
4.66535
7.73199
6.78158
4.63784
3.56314
5.39326
4.29376
9
5.88342
6.62031
5.38367
8.97015
7.39422
8.90124
2.64647
5.11248
3.93649
4.6624
8.41772
