#HCal adct vs E fit parameter P0 obtained 3_21_2023
#Exponential fit for i PMTs -> y = P0_i*exp(-P1_i*x)+P2_i, P0_i = 
0
6.38943
2
3.32998
5.51046
3.14372
5.21581
6.40877
6.7508
8.07892
9
9
0
6.33301
2.9983
2
4.10644
3.09094
3.86006
2
2.81005
5.79675
3.65351
3.13751
0
2
8.68922
3.96951
4.26425
3.47754
4.28744
6.16658
5.44107
4.91441
6.38081
9
0
9
4.34943
5.23492
3.87603
4.85458
4.08777
6.46221
3.95034
5.8402
7.47709
9
3.56183
9
7.39928
5.763
4.09417
3.73001
5.97543
5.88412
4.09624
4.56807
3.19741
2.9007
9
9
6.46524
5.23393
4.39076
4.35613
7.2906
6.86288
5.06493
5.7682
4.05675
7.19589
8.57064
9
7.17566
5.25101
6.26096
7.28269
5.28573
5.5449
4.28078
5.83986
4.83701
9
9
4.28274
4.20929
4.88029
3.16588
3.71329
4.13635
4.51038
3.55613
4.45204
5.2604
6.89911
9
9
7.79911
6.23096
3.33157
4.20505
4.37326
5.31935
3.90411
5.06356
2.94592
8.35731
9
7.97369
4.22509
2.2643
2.47359
4.56932
4.7261
4.66978
2.32972
4.19588
3.67082
7.94032
9
9
5.54216
3.59015
3.29271
3.67298
5.63885
4.15315
4.36152
4.95847
4.61593
8.86988
6
6.1554
3.40342
3.27486
3.87194
4.30097
4.05927
4.72909
3.25776
3.44816
5.10662
9
9
2
6.64886
3.43808
4.40559
3.88881
5.88416
5.77118
4.08854
6.14173
8.5966
9
9
7.71668
4.5407
3.05277
3.6801
5.07901
5.3107
7.26144
4.08133
5.79426
9
9
7.59523
6.72928
3.17373
3.03192
6.19984
6.27202
5.23169
4.52581
3.5177
2.96283
9
9
9
7.13187
3.95322
3.79573
5.04826
4.18767
5.0518
5.89006
4.44892
7.97328
9
9
9
5.63406
4.505
4.47932
4.17055
5.68842
5.17143
4.50389
4.68649
8.93668
8.42726
9
6.41477
8.40834
6.62543
4.64922
5.5243
3.69966
4.92669
5.97374
5.51952
7.44655
9
9
9
9
4.04656
3.74118
3.01918
4.12096
6.79336
4.81301
3.60888
6.58838
9
9
9
9
5.7836
4.41713
4.59308
5.15242
4.53879
5.29724
4.03732
4.98692
8.29327
9
9
9
8.29362
4.55655
4.84629
3.52861
4.85311
4.58562
6.01134
6.72344
3.49866
7.74652
9
7.75664
5.2543
4.53206
4.09769
2.76624
4.15335
5.6481
4.98801
5.20421
4.25321
6.01338
0
9
4.66615
3.09078
2.29082
2.11726
4.78869
4.83319
3.84489
4.6672
5.06989
8.49098
9
8.35083
6.33898
4.27149
4.19301
6.09552
3.96446
6.74101
3.46808
3.22915
6.80652
9
