#HCal adct vs E fit parameter P0 obtained 3_14_2023
#Exponential fit for i PMTs -> y = P0_i*exp(-P1_i*x)+P2_i, P0_i = 
0
0
0
0
0
0
0
0
0
0
0
0
0
0
0
0
0
0
0
0
0
0
0
0
0
0
0
0
0
0
0
0
0
0
0
0
0
0
0
0
0
0
0
0
0
0
0
0
0
0
0
0
0
2.30129
2
0
0
0
0
0
0
0
0
0
2
3.88848
9
9
7.12785
0
0
0
0
0
0
0
2
6.17709
9
9
2
9
0
0
0
0
0
2
3.42204
2
2
3.2086
2
2
0
0
0
0
0
2
2
2
8.72646
2
6.55469
2.64725
0
0
0
0
9
2
2
2
8.90285
9
5.85543
5.16546
0
0
0
0
4.74777
8.02135
2
2.62314
9
8.09876
2
2
0
0
0
0
2.70781
2
7.42212
5.77483
2
4.64078
2
2.93112
0
0
0
0
2
9
5.72568
3.80795
8.72146
9
4.16601
5.77676
0
0
0
0
9
2
4.71208
9
6.13656
6.41014
3.02183
2
0
0
0
0
2
2
6.94101
2.96377
2
2
2
0
0
0
0
0
6.67392
4.05235
9
3.23544
9
9
7.53634
7.10446
2
0
0
0
9
2
2.76751
3.25701
9
8.8506
2
3.22006
2
9
0
0
0
2
7.07031
2
3.28575
9
7.98607
2
2
9
0
0
0
2
9
3.91863
9
9
2
4.91707
2.57884
9
0
0
0
2
9
9
6.91043
5.3862
9
2
9
9
0
0
0
0
6.91255
9
9
9
2.16772
2
2
2
0
0
0
0
2
2
6.94409
9
9
2
2
9
0
0
0
0
0
2
8.18757
5.32899
2
2
2.64919
0
0
0
0
0
0
7.15977
2
3.78133
2
0
0
0
