#HCal adct vs E fit parameter P0 obtained 3_9_2023
#Exponential fit for i PMTs -> y = P0_i*exp(-P1_i*x)+P2_i, P0_i = 
0
0
0
0
0
0
0
0
0
0
0
0
0
0
0
0
0
0
0
0
0
0
0
0
0
0
0
0
0
0
0
0
0
0
0
0
0
0
0
5.85137
2
7.05815
9
9
2
9
2
0
0
0
9
2
2
5.39492
9
2
2
9
5.34227
0
0
9
2.58739
8.13632
2
4.45344
9
7.20418
2.11449
2
2
2.16973
0
0
2
2
4.1441
8.45947
9
9
4.5697
4.72282
9
9
0
6.91518
5.95534
2
2
2
3.21972
5.03389
2.58245
2
2
9
2
2
2
3.07491
5.26363
2
9
9
6.20674
2
2
9
2
2
2
2
2
2
9
9
2
2
2
2
2
2
2
2
2
2.29222
9
9
4.32754
2
3.03624
2
2
2.4304
2
2
9
9
2
2
2
2
9
9
0
3.79129
2
4.22063
4.39517
5.07937
9
9
4.44144
2
3.89511
2
9
3.72441
5.40142
2
3.9006
9
7.50983
9
2
9
5.38384
3.19817
3.88814
2
2
2
9
8.59033
2
2
2
2
2.16275
9
10
2
5.48496
2
7.74825
4.32857
9
9
2
2
4.65164
10
9
2
2
2
5.17852
7.18239
9
5.27246
2
2
5.84815
10
10
5.70791
2
4.12039
9
4.2618
9
9
3.01723
2
9
4.25325
10
9
2
2.85557
8.41037
9
9
9
2
4.57589
8.07167
2
9
5.68254
2
2
9
9
9
6.70524
2
4.70688
2
4.45626
9
2
2
2.99517
2
2
9
9
2
2.00004
2
9
0
2
5.39433
7.09835
2
2
7.83018
9
2
2
2
3.81773
0
9
2
2
2.47416
2
6.23592
9
9
2
2
2.74214
0
2
2
2
2
2
2
2
2
3.93927
2.23986
5.37694
