#HCal adct vs E fit parameter P2 obtained 3_8_2023
#Exponential fit for i PMTs -> y = P0_i*exp(-P1_i*x)+P2_i, P2_i = 
0
0
0
0
0
0
0
0
0
0
0
0
0
0
0
0
0
0
0
0
0
0
0
0
0
53.2671
45.7427
48.7797
54.5456
57.7388
59.0459
60.9464
62.1252
0
0
0
50.3854
49.6268
49.4971
49.2968
50.8971
54.6797
57.9449
60.4193
60.0383
63.7837
61.5902
0
52.4381
50.405
50.1519
49.2092
49.194
49.3729
56.1778
59.9103
57.8986
60.2019
57.5871
0
54.7838
53.0323
49.8554
49.3593
48.7938
48.5086
50.7831
57.8608
57.0975
60.8727
53.0694
55.7881
56.1654
48.5543
48.346
48.3924
49.6429
49.4356
52.0313
54.8105
55.0832
59.7785
58.9223
58.4122
50.9224
48.5967
48.948
48.6316
48.9491
48.5464
49.3857
51.0812
52.3962
54.1449
54.8617
57.6996
57.8575
51.8692
50.4323
50.4326
50.1064
49.7126
51.9087
55.5195
55.6511
59.6067
54.9395
50.7892
52.6159
52.9984
50.8811
51.3076
51.569
51.2711
53.9998
56.8623
51.054
54.6539
54.94
56.9158
58.4111
53.5761
51.6377
51.7092
51.3721
51.4174
54.9305
56.8069
56.2199
58.9117
49.7192
52.6651
52.6751
50.9438
50.6699
50.4396
52.3975
53.9067
51.3464
52.5922
52.6312
54.5073
60.7945
62.1732
54.5897
51.1785
50.9792
51.9598
51.2533
51.6823
55.3831
56.712
56.1794
58.9548
60.0348
62.7539
57.1691
52.1241
52.031
51.6661
51.4959
52.4175
52.0627
55.6071
54.6226
59.7058
61.7829
62.1795
52.0789
51.1115
50.0738
50.835
52.4851
52.7899
51.29
52.6218
52.5728
51.3388
58.8586
60.839
56.2676
52.2973
52.1521
51.4001
52.3991
52.0002
53.4988
55.7807
54.4495
57.9174
61.7695
59.3902
58.6176
52.6106
52.758
51.7008
52.0006
52.1237
53.4011
54.4287
55.1606
60.1716
61.2032
61.7876
57.2166
53.9649
51.6075
51.2885
52.6202
51.8202
55.4269
58.3831
56.5116
59.2672
61.415
63.0501
60.1926
55.9743
52.8831
51.7436
53.2213
53.3686
55.5741
58.0803
56.6702
59.9526
61.3561
67.3432
58.2342
54.0237
52.3697
52.0955
53.9179
52.8618
54.3641
56.7154
57.2779
58.9455
58.0662
59.86
60.2385
55.501
46.9298
52.152
55.2493
51.6028
54.3784
57.9318
57.4665
59.5465
55.456
55.8959
56.7618
54.5652
54.0516
53.5739
51.8534
51.6526
54.8863
57.3349
56.8286
57.565
54.6463
53.3879
0
59.9979
55.3511
53.7423
52.453
52.0485
55.7685
58.0874
58.1949
60.6131
55.2994
47.8236
75
75
52.0952
52.4067
53.4145
54.2869
56.223
56.959
53.5366
53.8891
58.4677
53.1381
