#HCal adct vs E fit parameter P1 obtained 3_8_2023
#Exponential fit for i PMTs -> y = P0_i*exp(-P1_i*x)+P2_i, P1_i = 
0
0
0
0
0
0
0
0
0
0
0
0
0
0
0
0
0
0
0
0
0
0
0
0
0
0.05
0.0157659
0.032985
0.05
0.05
0.05
0.0172995
0.05
0
0
0
0.05
0.0430359
0.05
0.05
0.05
0.05
0.05
0.0082556
0.05
0.05
0.008
0
0.05
0.046414
0.05
0.0462658
0.05
0.05
0.05
0.05
0.008
0.05
0.008
0
0.05
0.0482901
0.05
0.05
0.05
0.05
0.0327967
0.0450376
0.05
0.05
0.05
0.05
0.008
0.05
0.05
0.0498629
0.0496364
0.0435541
0.0370555
0.035063
0.05
0.05
0.05
0.05
0.05
0.008
0.0487939
0.05
0.05
0.05
0.05
0.05
0.05
0.05
0.05
0.05
0.05
0.05
0.05
0.05
0.05
0.05
0.0492532
0.05
0.05
0.05
0.05
0.05
0.008
0.05
0.05
0.05
0.05
0.05
0.0341481
0.0420397
0.008
0.05
0.05
0.05
0.05
0.05
0.05
0.05
0.05
0.05
0.0495889
0.0441463
0.05
0.05
0.008
0.05
0.05
0.047746
0.05
0.05
0.0377531
0.0494842
0.05
0.05
0.0463492
0.05
0.05
0.0431397
0.05
0.05
0.05
0.05
0.05
0.05
0.049719
0.0393836
0.05
0.05
0.05
0.05
0.05
0.05
0.05
0.05
0.05
0.0491366
0.044162
0.0401853
0.05
0.05
0.05
0.0337892
0.05
0.05
0.011232
0.05
0.0429791
0.0496734
0.05
0.05
0.05
0.05
0.05
0.05
0.05
0.05
0.05
0.05
0.05
0.05
0.0435334
0.0411862
0.05
0.05
0.05
0.05
0.05
0.05
0.05
0.05
0.05
0.05
0.05
0.05
0.05
0.05
0.05
0.05
0.05
0.05
0.05
0.05
0.0491009
0.05
0.0495375
0.0499995
0.05
0.05
0.05
0.05
0.05
0.05
0.05
0.05
0.0497089
0.05
0.0438249
0.05
0.05
0.05
0.05
0.05
0.05
0.05
0.05
0.05
0.0456911
0.05
0.05
0.05
0.05
0.05
0.023093
0.032865
0.05
0.05
0.05
0.05
0.05
0.05
0.0499013
0.05
0.05
0.05
0.05
0.05
0.05
0.05
0.05
0.05
0.05
0.05
0.0456227
0.05
0.05
0.05
0.05
0.05
0
0.0458556
0.05
0.05
0.05
0.05
0.05
0.0448805
0.05
0.05
0.05
0.05
0.01
0.01
0.05
0.05
0.05
0.05
0.05
0.008
0.05
0.05
0.05
0.05
