#HCal E mean via gaussian fit to proton data obtained 10_24_2023
#
0.039004
0.0434878
0.0492344
0.0529307
0.0567051
0.0611539
0.06405
0.0682544
0.0712064
0.0741363
0.0773294
0.0832861
0.0870966
0.0936986
0.093188
0.102281
0.109759
0.114796
0.119638
0.126056
0.131587
0.135136
0.140248
0.148456
0.151481
0.157966
0.163035
0.166581
0.173373
0.178066
0.182011
0.186076
0.190841
0.196112
0.203045
0.207415
0.213864
0.22325
0.222059
0.232914
0.235505
0.247143
0.249816
0.252642
0.262751
0.266813
0.2718
0.276507
0.286388
0.289712
0.297945
0.300832
0.308673
0.31722
0.312473
0.325635
0.331201
0.336692
0.341112
0.347074
0.357033
0.355976
0.362745
0.370046
0.381973
0.385895
0.393038
0.398396
0.403627
0.409656
0.419532
0.421524
0.427294
0.436487
0.43775
0.447544
0.459933
0.467893
0.470475
0.470383
0.47533
0.483527
0.494171
0.49794
0.504338
0.52459
0.519674
0.524022
0.54381
0.545267
0.550649
0.55706
0.560439
0.563452
0.572581
0.583087
0.587914
0.599297
0.599655
0.617631
0.623612
0.631735
0.6333
0.636149
0.639396
0.65665
0.658506
0.669163
0.665291
0.673191
0.687441
0.697014
0.701562
0.712498
0.720619
0.726809
0.729921
0.747643
0.740507
0.739504
0.76328
0.771378
0.769238
0.77552
0.787746
0.79809
0.807696
0.809859
0.82149
0.827147
0.830973
0.833655
0.85843
0.859119
0.8613
0.875716
0.880463
0.881569
0.8908
0.896675
0.905938
0.90588
0.924758
0.925313
0.935427
0.940165
0.954318
0.949533
0.966783
0.967047
