#HCal E mean via gaussian fit to neutron data obtained 10_24_2023
#
0.0127536
0.0158393
0.0297889
0.0326053
0.041342
0.0436235
0.05121
0.0544971
0.0631517
0.0659018
0.0732733
0.0772225
0.0831683
0.0890867
0.0944442
0.0991876
0.105522
0.111425
0.115493
0.123367
0.127149
0.133419
0.137112
0.14653
0.149626
0.158428
0.159952
0.163138
0.173818
0.178212
0.182483
0.185416
0.195331
0.201727
0.207305
0.214662
0.216551
0.223871
0.229802
0.233636
0.242978
0.247589
0.253113
0.261924
0.267482
0.271889
0.276339
0.282105
0.288059
0.296755
0.300985
0.303758
0.314585
0.317246
0.322368
0.331992
0.3374
0.347685
0.348309
0.358936
0.36307
0.363867
0.367926
0.37959
0.38433
0.393118
0.395363
0.406062
0.40798
0.420561
0.424774
0.428451
0.438087
0.444587
0.451763
0.459627
0.458336
0.468552
0.468065
0.479187
0.487532
0.494272
0.490257
0.505499
0.514853
0.523719
0.528761
0.530569
0.542463
0.548384
0.556939
0.562056
0.565545
0.572303
0.579899
0.575364
0.591674
0.600215
0.608419
0.605549
0.621902
0.635166
0.639441
0.638423
0.655301
0.653534
0.671866
0.667116
0.681723
0.682727
0.689108
0.697441
0.707457
0.707857
0.709427
0.726298
0.740748
0.738929
0.752523
0.760515
0.763551
0.775355
0.781843
0.788582
0.798644
0.811277
0.798742
0.817026
0.822037
0.827349
0.833169
0.8415
0.852467
0.857603
0.867379
0.878546
0.880716
0.897165
0.898919
0.904857
0.907519
0.913634
0.927032
0.931274
0.940141
0.945138
0.946909
0.963257
0.970826
0.964256
