#HCal ADCT offsets obtained 3_8_2023
#Offsets obtained from fits over ADCT distributions = 
-90.9298
-89.0768
-91.3544
-91.5856
-59.3173
-64.9452
-66.2242
-60.1137
-85.2008
-90.0932
-99.4434
-89.3566
-89.9004
-93.0426
-52.2933
-54.7811
-61.2021
-65.2895
-61.6473
-58.0333
-52.4532
-50.6635
-77.469
-86.7236
-79.5262
-48.3945
-51.5428
-59.1924
-21.0032
-26.43
-18.392
-19.8542
-51.5492
-50.054
-48.6247
-51.1133
-56.135
-52.517
-55.2925
-51.4274
-25.1448
-27.0968
-25.6198
-25.6506
-50.7583
-53.1742
-50.8193
-50.2137
-50.9951
-53.6503
-47.7452
-51.2029
-66.4929
-65.1142
-22.8368
-20.68
-48.2424
-50.2748
-87.7734
-89.797
-54.8898
-54.7858
-53.2157
-51.0342
-61.1916
-67.9471
19.694
23.9895
5.23079
7.58286
-90.0702
-91.595
-46.9484
-47.333
-46.341
-43.0913
-23.0936
27.7477
22.3954
24.7723
7.94945
8.50879
-53.0175
-56.387
-93.7924
-92.744
-90.9448
-90.721
2.5645
2.41131
3.05447
4.36553
-5.96981
-10.3067
-16.0849
-90.347
-51.0542
-54.8243
-49.9037
-51.916
3.92393
2.07083
25.2822
25.198
10.5843
10.3704
-28.5619
-90.8642
-48.2867
-50.9226
-89.662
-88.3164
2.45736
3.8415
22.5492
23.0922
-7.79081
-6.83401
-9.04584
-90.0304
-57.0381
-53.2161
-50.8726
9.26639
1.64836
3.67633
21.9736
22.0654
9.77985
9.07714
-5.55946
-89.2046
-92.003
-94.8358
-88.902
-7.14043
22.2955
22.991
5.44957
5.57988
-2.7061
-5.63785
2.06765
-54.1266
-47.4452
-46.8744
-44.9518
-41.5026
28.4692
24.5892
28.4185
28.8134
12.6959
13.5461
6.69602
-55.5448
-57.2459
-51.1638
-52.4111
5.11146
21.4054
23.7015
21.0252
23.3368
10.4599
10.274
7.20505
-54.2105
-90.6202
-92.2792
-89.692
-7.97292
22.9266
20.5388
4.77146
7.42426
-5.33247
-4.857
7.37776
12.0863
-60.1842
-54.3253
-54.3955
-53.6352
22.1631
22.3034
20.5124
22.4969
10.8194
10.0294
14.9812
2.59549
-54.9036
-54.3866
-50.7623
-50.9959
25.3669
18.8841
25.736
27.3438
4.32812
18.756
10.1211
16.546
-57.6625
-51.9746
-65.0957
-51.1143
19.1857
19.5062
20.622
23.4737
8.94046
2.01257
5.7809
9.05946
-53.5856
-47.5898
-55.3934
-48.9518
22.9911
23.4054
22.9109
21.6013
13.411
9.93295
5.08402
6.69736
-55.7127
-58.1501
-55.5838
-54.6289
28.6642
22.6663
21.3368
24.5899
8.90044
6.67251
8.45516
-51.3228
-52.2821
-50.0238
-54.0184
-49.7959
11.2595
2.4547
24.1919
24.4778
9.96833
15.5263
-8.71882
-85.0704
-52.654
-52.6356
-58.6607
-55.6865
7.25035
-0.604262
19.4125
21.1545
5.19815
-5.09839
-23.9516
-33.0127
-729.994
-58.0649
-56.8816
-56.3148
-67.7271
0.563438
23.9238
22.3636
5.66747
7.35157
-5.58367
-96.5334
-90.4794
-88.3958
-91.9582
-92.9688
-69.084
8.21788
3.2556
5.86403
-8.66484
-12.3359
-10.1737
-91.532
