#HCal ADCT offsets obtained 3_21_2023
#Offsets obtained from fits over ADCT distributions = 
-24.506
-21.9965
-23.8753
-23.3617
-6.52725
-9.63384
-10.4281
-7.43993
-20.0373
-23.8358
-29.5846
-23.9276
-22.742
-25.3176
-4.96418
-5.33743
-7.23091
-9.79384
-7.65927
-5.50975
-3.62292
-2.66921
-12.621
-21.8082
-31.71
-3.16767
-4.52333
-7.34215
12.1308
9.76652
14.2278
13.1587
-3.13924
-2.36575
-2.34107
-3.9819
-7.59078
-5.34717
-6.59592
-4.05695
9.54274
8.81051
9.49005
9.37163
-3.46074
-4.91038
-3.82414
-3.34924
-4.15844
-6.45816
-2.77221
-4.16218
-11.223
-10.4239
11.0114
12.1398
-2.19715
-3.60424
-22.1917
-24.2133
-7.49912
-7.05183
-5.86164
-4.01173
-8.80183
-12.2417
7.53854
11.0145
-3.43475
-2.11554
-23.632
-24.3471
-7.60953
-3.24189
-2.26821
-0.0105033
10.7717
14.103
9.05696
11.3988
-4.31661
-2.9906
-3.30549
-13.1934
-26.5579
-26.1027
-24.3946
-24.0554
-10.2411
-11.2716
-10.7791
-9.60738
-20.3241
-22.197
-22.4033
-24.9906
-4.42449
-7.23359
-3.66482
-4.48823
-9.03098
-11.1173
12.1644
11.6336
-2.76177
-3.1397
-22.7939
-24.2933
-2.33508
-4.08618
-23.3282
-22.3901
-10.8041
-9.14649
9.54655
9.85176
-21.5225
-20.433
-23.4262
-24.452
-7.47325
-5.47341
-3.78384
-3.6751
-11.5936
-9.7299
8.71931
8.84401
-3.37453
-3.79871
-21.705
-23.9078
-25.2203
-26.3043
-22.6353
-20.739
9.18061
9.59757
-8.22428
-8.02994
-21.7402
-21.7602
-5.70211
-5.81198
-4.33713
-1.71314
-0.037336
2.85429
14.9561
10.7937
14.5118
14.7716
-0.92275
-0.112343
-5.44149
-6.17456
-7.66896
-3.61184
-3.96097
-1.85421
7.51216
9.81686
7.07974
9.29418
-3.50754
-2.57199
-5.71241
-11.601
-25.3456
-24.9839
-22.6984
-20.8471
8.13501
6.51654
-9.39644
-8.66916
-21.7969
-18.6105
-5.64409
-1.86305
-9.62536
-5.89385
-5.53731
-5.09589
7.83864
8.0489
6.20644
8.01605
-3.30774
-4.1437
-4.02726
-13.5168
-6.84511
-5.93217
-4.04214
-3.86073
11.2031
4.72254
11.0541
12.6275
-3.82523
-1.28052
-4.44967
-10.5794
-7.90943
-4.48396
-11.3228
-3.811
5.69018
4.72736
6.29233
9.19739
-4.79431
-3.92615
-6.43165
-3.20546
-5.4774
-1.59529
-5.48872
-2.20987
7.90624
9.55279
9.15008
8.33799
-3.27837
-2.48542
-6.28958
-2.93289
-5.31472
-7.20233
-5.47832
-4.45886
11.212
9.63523
8.09838
11.7886
-3.71755
-5.37963
-2.66625
-1.68792
-4.35545
-2.7164
-5.54277
-1.63557
-2.28882
-10.8212
10.6396
11.3505
-2.42995
-0.593684
-20.2356
-17.7452
-4.68967
-3.98042
-7.2406
-5.22727
-11.8899
-15.046
5.39483
7.85149
-3.68695
-3.50047
-22.0003
-25.0994
-729.994
-7.25477
-6.53099
-6.15592
-11.9531
-14.0373
9.95786
8.8275
-5.02907
-4.07571
-21.6222
-25.3611
-24.2816
-23.0437
-24.1995
-24.4006
-12.3974
-12.9427
-9.96961
-6.44612
-23.8221
-22.3969
-21.47
-23.0394
