#HCal ADCT offsets obtained 3_14_2023
#Offsets obtained from fits over ADCT distributions = 
-90.9298
-89.0768
-91.3544
-91.5856
-59.3173
-64.9452
-66.2242
-60.1137
-85.2008
-90.0932
-99.4434
-89.3566
-89.9004
-93.0426
-52.2933
-54.7811
-61.2021
-65.2895
-61.6473
-58.0333
-52.4532
-50.6635
-77.469
-86.7236
-79.5262
-48.3945
-51.5428
-59.1924
-21.0032
-26.43
-18.392
-19.8542
-51.5492
-50.054
-48.6247
-51.1133
-56.135
-52.517
-55.2925
-51.4274
-25.1448
-27.0968
-25.6198
-25.6506
-50.7583
-53.1742
-50.8193
-50.2137
-50.9951
-53.6503
-47.7452
-51.2029
-66.4929
2.72711
24.2231
-20.68
-48.2424
-50.2748
-87.7734
-89.797
-54.8898
-54.7858
-53.2157
-51.0342
4.96975
2.01874
21.0866
24.371
9.32453
-48.3977
-90.0702
-91.595
-46.9484
-47.333
-46.341
-43.0913
24.9434
28.4664
23.5082
25.8709
9.80307
9.43443
-53.0175
-56.387
-93.7924
-92.744
-90.9448
-11.0469
2.84437
2.14871
3.01751
4.77963
-6.62185
-12.6967
-86.1778
-90.347
-51.0542
-54.8243
-49.9037
8.7119
3.42151
1.63312
25.3746
24.7892
10.1524
10.0175
-87.8628
-90.8642
-48.2867
-50.9226
-9.23287
-9.18522
2.36334
3.8645
22.5594
23.3561
-7.96338
-7.56847
-89.9198
-90.0304
-57.0381
-53.2161
10.4027
9.87062
1.85031
4.05543
22.1989
22.4431
10.7579
10.1069
-86.405
-89.2046
-92.003
-94.8358
-8.47879
-6.92173
23.2871
23.7899
6.0625
6.59792
-7.01189
-8.04603
-53.7557
-54.1266
-47.4452
-46.8744
14.4029
16.8922
28.7581
24.6973
28.6234
29.0142
13.4921
13.9325
-53.96
-55.5448
-57.2459
-51.1638
7.62741
11.8365
21.2487
23.4913
20.9175
23.2126
10.5126
12.362
-55.4798
-54.2105
-90.6202
-92.2792
-10.9645
-6.75567
22.0977
20.2839
4.45888
5.27426
-7.75066
-81.714
-54.9918
-56.4252
-60.1842
-54.3253
10.7698
9.39716
22.0839
22.4802
20.5843
22.4724
11.648
10.2454
22.2789
-57.0364
-54.9036
-54.3866
10.4655
10.1776
25.7589
19.4798
26.0057
27.7078
11.1033
13.8738
9.33816
8.56282
-57.6625
-51.9746
-65.0957
10.8182
20.4597
19.6229
21.1927
24.0819
9.84188
10.9783
7.58753
10.2503
-53.5856
-47.5898
-55.3934
12.3788
22.0372
23.8692
23.4689
22.093
10.6579
11.4207
6.73743
10.6891
-55.7127
-58.1501
-55.5838
8.47918
24.7987
23.323
21.2378
24.8772
9.23636
6.94442
10.6791
27.2911
-52.2821
-50.0238
-54.0184
-49.7959
9.75464
2.55931
23.5721
24.3645
10.3867
11.9427
-6.95554
-5.97325
-52.654
-52.6356
-58.6607
-55.6865
2.94798
-1.62413
19.2792
21.2683
9.23873
9.17401
-11.1572
-4.09038
-729.994
-58.0649
-56.8816
-56.3148
-67.7271
0.177846
27.1745
22.5019
7.95816
8.88068
-9.19836
-96.5334
-90.4794
-88.3958
-91.9582
-92.9688
-69.084
1.75845
3.94429
11.0418
-6.96576
-91.7676
-89.6406
-91.532
