#HCal ADCT offsets obtained 3_21_2023
#Offsets obtained from fits over ADCT distributions = 
-90.9298
-19.8471
-21.5817
-21.1373
-4.28902
-7.23079
-7.82317
-4.62688
-16.8078
-20.8804
-26.6239
-20.7508
-89.9004
-22.8084
-2.29707
-3.01184
-5.05332
-7.40362
-5.2153
-3.72616
-1.23077
0.176983
-9.67082
-18.7317
-79.5262
0.424155
-1.38043
-4.7238
14.6912
12.2556
16.065
15.3219
-0.552006
-0.0170055
0.349672
3.06027
-56.135
-2.2474
-3.68303
-1.08522
12.4022
11.6679
12.3801
12.1726
-0.822173
-2.40518
-1.26791
-0.839367
0.30534
-3.2916
0.397495
-1.16932
-8.38922
-7.62709
13.7139
14.9081
0.502039
-1.04933
-19.7692
-21.7742
-4.09952
-4.01594
-2.63176
-1.05777
-5.85514
-9.38692
10.2924
13.6605
-0.844513
0.373041
-21.0877
-22.2085
13.4493
0.647572
1.15096
3.16955
12.9654
16.661
11.7917
14.0962
-1.77531
-0.565765
-2.95425
-4.85779
-23.3532
-22.9747
-21.2149
-21.1304
-7.48819
-8.48324
-7.97919
-6.85956
-17.6475
-19.4994
-19.5842
-21.9563
-1.13647
-4.11833
-0.652381
-1.54548
-6.26846
-8.38178
14.3826
14.3586
-0.199085
-0.698231
-20.2429
-21.9552
1.16587
-0.81337
-20.267
-19.3853
-8.03235
-6.51843
12.1504
12.4298
-18.923
-17.9674
-21.2312
-21.6451
-4.38345
-2.41129
-0.678531
-0.630642
-8.69461
-6.88887
11.4574
11.5045
-0.807077
-1.47248
-19.3535
-21.2494
-22.666
-23.4238
-19.6211
-17.6922
11.9748
12.2576
-5.76965
-5.28006
-19.003
-19.2184
-3.29861
-3.49355
-2.3458
1.69689
2.77313
4.9347
17.4392
12.9666
17.0136
17.3103
1.56165
2.41004
-3.1338
-3.20531
-4.36165
-0.504547
-1.09368
0.711333
10.205
12.4252
9.65398
11.8819
-0.895462
-0.0392627
-3.27665
-3.15999
-22.7228
-21.8247
-19.877
-18.046
10.9042
9.25978
-6.61788
-5.9696
-19.1616
-16.1454
-2.82994
-4.54622
-6.09413
-2.22831
-2.25564
-1.98165
10.9612
11.041
9.21102
11.1079
-0.209219
-1.03548
-1.28336
-4.00559
-3.11912
-2.18445
-0.541328
-0.504335
14.6273
8.05023
14.1917
15.8738
-0.573527
1.9057
-1.53277
-1.91008
-4.41185
-0.973592
-7.77845
-0.353753
9.04674
8.01621
9.43061
12.2741
-1.88547
-1.07454
-3.70292
7.38022
8.85171
0.953923
-2.55783
0.743633
10.8462
12.3818
11.8814
10.991
-0.618228
0.174354
-3.51738
-0.314989
6.0236
-4.60397
-2.81724
-1.94494
13.2199
12.1799
10.5931
14.4188
-1.12318
-2.80135
-0.249788
0.748979
-6.43832
-0.446276
-2.0991
0.665702
-2.3539
-8.17877
13.3027
14.0735
0.231901
2.07628
-17.9703
-15.7376
-1.912
-0.957584
-4.51074
-2.51363
-8.95872
-12.0562
8.28981
10.6422
-1.25543
-1.53952
-20.0675
-23.1812
-729.994
-3.94723
-3.18415
-2.88778
-8.74861
-10.9967
12.7535
11.4152
-2.81372
-2.05984
-20.0193
-23.9769
-13.5862
-19.4147
-20.391
-21.0688
-9.11767
-9.96251
-7.03114
-3.94617
-21.6743
-20.5901
-20.0894
-21.5733
