#HCal ADCT offsets obtained 3_8_2023
#Offsets obtained from fits over ADCT distributions = 
-90.9298
-89.0768
-91.3544
-91.5856
-59.3173
-64.9452
-66.2242
-60.1137
-85.2008
-90.0932
-99.4434
-89.3566
-89.9004
-93.0426
-52.2933
-54.7811
-61.2021
-65.2895
-61.6473
-58.0333
-52.4532
-50.6635
-77.469
-86.7236
-79.5262
-2.21069
-3.55284
-7.24072
11.9106
9.85507
25.7985
12.4361
10.6748
-50.054
-48.6247
-51.1133
-3.33563
-4.3391
-5.7161
-3.51089
9.87001
9.19874
9.82375
20.2356
-4.37153
-3.11808
-2.78465
-50.2137
-2.91635
-5.3924
-1.70028
-3.30775
-10.5178
-9.73259
11.6655
12.9633
-4.48542
4.36723
-24.9954
-89.797
5.0424
-6.01038
-4.89125
-3.17626
-8.09672
-11.5938
8.14989
11.8602
-2.36396
11.7876
-22.7007
-26.4089
13.0299
-2.04971
-1.35299
0.749683
11.4825
14.8357
9.78805
12.3429
-3.07903
-2.02069
8.18481
-13.1935
-24.7003
-24.4852
-23.0079
-22.9861
-9.34805
-10.3712
-9.84317
-8.53339
-18.9623
-20.4493
-20.2656
-18.426
9.96919
-5.23143
-1.75744
-2.77003
-7.50294
-9.55527
13.7083
13.2803
-1.01357
-5.16843
-14.1394
-13.2359
-3.8091
-1.888
-21.0769
-20.0751
-8.51267
-6.83471
11.8057
12.2047
-19.2714
-18.0828
-20.8328
-10.5152
-7.59306
-3.4211
-1.81942
-1.5515
-9.40823
-7.45777
11.0531
11.2606
-0.91713
-1.17579
-13.3326
-21.0141
-22.9637
-24.6699
-20.9449
-19.2091
10.8022
11.2727
-6.48651
-6.16033
-19.7196
-19.3143
-5.41012
0.800597
-2.5184
-0.210455
1.15796
4.074
16.2143
12.1493
15.9872
16.4793
0.989835
2.07171
-4.90241
-12.7724
6.37605
-1.91824
-2.491
-0.285051
9.11024
11.4764
8.84018
11.2207
-1.44232
-3.91709
-4.76996
-7.16222
-22.8207
-22.9732
-20.7625
-18.862
10.2722
8.72866
-7.03378
-6.24405
-19.401
-16.2497
-5.63078
-13.2126
-11.9096
-3.72071
-3.28352
-2.69824
10.3857
10.6803
8.8935
10.698
-0.783863
-1.48759
-3.0257
9.97609
-6.71013
-3.87072
-1.91662
-1.65869
13.4622
7.00346
13.3149
14.8695
-1.47006
-3.18985
11.1472
14.7489
6.66657
-2.83301
-9.60189
-2.13723
7.31462
6.34888
6.40484
11.0339
-2.93257
-3.34084
-7.1191
-11.6139
10.702
-0.0797947
-4.24469
-1.00813
9.14051
10.7287
10.4028
9.81822
-1.76242
-5.31463
-7.03632
-10.9532
-5.46247
-5.90168
-4.19751
-3.26779
12.4814
10.8864
9.42251
13.2789
-2.13985
-3.7094
-4.26177
6.80015
11.852
-1.06751
-4.43613
-0.0528394
-0.698004
-9.16406
12.268
13.0662
6.87635
0.921259
-18.1769
-15.9118
7.17848
-1.75755
-5.10291
-3.18034
-9.84397
-13.1565
7.10636
9.43875
-2.24042
-2.22248
-19.9631
-33.0065
-729.994
-8.03197
-4.01128
-3.69625
-9.83584
-12.1811
11.5479
10.2825
-3.59236
-6.2575
-20.1037
-27.3576
-26.1426
-19.4799
-21.2609
-21.9178
-9.8829
-11.1417
-8.49006
-5.29652
-22.5052
-21.5117
-19.5348
-17.2055
