#HCal ADCT offsets obtained 3_9_2023
#Offsets obtained from fits over ADCT distributions = 
-90.9298
-89.0768
-91.3544
-91.5856
-59.3173
-64.9452
-66.2242
-60.1137
-85.2008
-90.0932
-99.4434
-89.3566
-89.9004
-93.0426
-52.2933
-54.7811
-61.2021
-65.2895
-61.6473
-58.0333
-52.4532
-50.6635
-77.469
-86.7236
-79.5262
-48.3945
-51.5428
-59.1924
-21.0032
-26.43
-18.392
-19.8542
-51.5492
-50.054
-48.6247
-51.1133
-56.135
-52.517
-55.2925
6.62804
19.8119
18.2966
19.2126
19.6254
3.40895
2.72922
-3.96028
-50.2137
-50.9951
-53.6503
8.75854
6.68441
-0.83397
-0.439861
20.9129
22.102
7.84689
6.12974
-12.6389
-89.797
-54.8898
5.66124
4.38616
6.04605
1.25059
-2.07436
17.8915
21.1629
6.78593
8.42419
-14.7203
-15.721
-46.9484
-47.333
7.0795
9.14087
19.8578
23.3037
18.595
20.8889
5.80801
7.12528
4.60505
0.699995
-93.7924
-16.9908
-15.607
-15.3386
-1.52853
-2.53009
-1.83317
-0.530248
-10.7163
-12.2065
-12.3114
-15.4338
4.55632
5.08537
5.31449
4.39218
-0.276203
-2.19933
20.9669
20.6328
6.60484
6.44703
-13.1513
-15.1467
8.06874
5.80509
-13.6726
-12.9283
-1.3973
0.176105
19.0309
19.2506
-12.1183
-11.2047
-13.8964
-16.4082
2.05163
3.91188
6.42865
6.36743
-1.64264
0.344759
18.8009
18.8913
6.933
5.67883
-12.5434
-16.4447
-15.7148
-16.5122
-12.4497
-10.8015
19.2208
19.65
1.88723
2.07788
-11.4627
-11.6228
9.73801
11.3453
-47.4452
7.96262
9.08341
12.1648
24.2862
20.1965
23.9359
24.4624
8.68496
9.92307
11.7064
6.00148
2.40031
5.79454
4.94955
7.16003
16.5649
19.1058
16.3177
18.7637
6.28307
7.48455
9.93601
5.63848
-16.2797
-15.1195
-13.051
-11.2962
17.7623
16.3496
0.681185
1.39667
-11.7679
-11.8588
4.8254
-2.6865
19.6635
4.73111
4.65211
5.32641
18.3085
18.6821
17.0086
18.866
7.5442
6.56192
6.34226
2.41816
3.87125
4.92207
6.60756
6.82052
22.0639
15.5942
21.968
23.3535
6.63385
8.91291
5.95816
12.1614
2.79072
5.69612
-1.11463
6.39145
15.9126
15.0124
16.2981
18.804
4.47741
1.82108
3.11786
2.38262
15.6074
7.67757
3.58378
7.02424
17.3989
18.8388
18.1316
17.1613
5.06899
6.05364
2.50087
2.16539
9.72663
2.19272
3.75472
4.51214
20.4155
18.6328
16.9609
20.5389
4.89078
3.40395
5.79267
8.12011
3.83527
6.30738
-4.10548
8.24691
7.15638
-1.46348
20.1283
20.8547
6.6708
7.76758
-11.6885
-11.9573
-52.654
5.00271
2.63608
5.38315
-1.67261
-4.75918
15.1594
17.3319
5.20988
5.53066
-13.5641
-20.5175
-729.994
4.10618
3.69033
4.23188
-1.49419
-4.15348
18.9563
17.5834
3.34195
4.11022
-15.1336
-17.9823
-90.4794
-15.107
-15.4859
-14.1339
-2.51782
-3.73702
-1.70812
1.4253
-16.2622
-15.1033
-15.4867
-16.0293
