#HCal Efficiency correction map. List of pairs follow: <x_exp, next upper limit> <correction factor>
#Created from SBS8 mag0
-1.530000 1.000000
-1.520000 1.000000
-1.510000 1.000000
-1.500000 1.000000
-1.490000 0.994689
-1.480000 1.000000
-1.470000 1.049949
-1.460000 0.952280
-1.450000 1.011605
-1.440000 0.984685
-1.430000 1.000000
-1.420000 0.967622
-1.410000 1.009522
-1.400000 1.021358
-1.390000 1.016871
-1.380000 0.951301
-1.370000 1.011153
-1.360000 0.980354
-1.350000 0.982098
-1.340000 1.032946
-1.330000 0.986149
-1.320000 0.975560
-1.310000 1.031232
-1.300000 0.996605
-1.290000 0.971746
-1.280000 0.985060
-1.270000 1.003773
-1.260000 0.995738
-1.250000 1.000974
-1.240000 0.993721
-1.230000 0.998410
-1.220000 1.003666
-1.210000 1.017267
-1.200000 0.997618
-1.190000 0.979260
-1.180000 0.985949
-1.170000 1.000610
-1.160000 1.009732
-1.150000 1.002748
-1.140000 0.982187
-1.130000 1.006919
-1.120000 1.010441
-1.110000 1.001065
-1.100000 1.003773
-1.090000 1.022161
-1.080000 1.024947
-1.070000 0.967276
-1.060000 1.008742
-1.050000 0.997561
-1.040000 1.017074
-1.030000 1.014049
-1.020000 1.005224
-1.010000 1.005184
-1.000000 1.018313
-0.990000 1.016254
-0.980000 0.986965
-0.970000 1.028262
-0.960000 0.993436
-0.950000 1.017257
-0.940000 1.002786
-0.930000 0.982792
-0.920000 1.005549
-0.910000 1.003922
-0.900000 0.993581
-0.890000 0.979363
-0.880000 0.987096
-0.870000 0.983193
-0.860000 1.004678
-0.850000 1.003528
-0.840000 0.999494
-0.830000 1.016584
-0.820000 1.004523
-0.810000 0.980874
-0.800000 0.972252
-0.790000 0.976090
-0.780000 0.955071
-0.770000 0.953785
-0.760000 0.952924
-0.750000 0.951955
-0.740000 0.924898
-0.730000 0.918778
-0.720000 0.975085
-0.710000 0.934560
-0.700000 0.939750
-0.690000 0.914721
-0.680000 0.955285
-0.670000 0.939844
-0.660000 0.929966
-0.650000 0.959456
-0.640000 0.944318
-0.630000 0.950271
-0.620000 0.977396
-0.610000 0.940985
-0.600000 0.985060
-0.590000 0.972338
-0.580000 0.991686
-0.570000 0.957325
-0.560000 1.008899
-0.550000 0.982897
-0.540000 1.008595
-0.530000 0.994521
-0.520000 0.977718
-0.510000 0.993548
-0.500000 1.003838
-0.490000 0.971281
-0.480000 0.976212
-0.470000 0.996211
-0.460000 1.021689
-0.450000 0.967846
-0.440000 0.974220
-0.430000 0.955766
-0.420000 0.995847
-0.410000 1.017436
-0.400000 1.010392
-0.390000 0.993161
-0.380000 1.011940
-0.370000 1.008058
-0.360000 0.987503
-0.350000 1.022956
-0.340000 0.988418
-0.330000 0.982429
-0.320000 0.988173
-0.310000 0.997357
-0.300000 0.998011
-0.290000 0.990114
-0.280000 0.993917
-0.270000 0.990775
-0.260000 1.010872
-0.250000 0.994231
-0.240000 1.011483
-0.230000 1.001410
-0.220000 1.002107
-0.210000 0.990760
-0.200000 0.992162
-0.190000 0.994840
-0.180000 0.985445
-0.170000 0.996814
-0.160000 0.989064
-0.150000 0.987027
-0.140000 0.960138
-0.130000 0.997081
-0.120000 0.987944
-0.110000 0.990409
-0.100000 0.989064
-0.090000 1.006127
-0.080000 0.996406
-0.070000 0.984202
-0.060000 0.997683
-0.050000 1.002186
-0.040000 0.993662
-0.030000 1.009191
-0.020000 1.012395
-0.010000 0.990857
0.000000 0.975042
0.010000 0.982445
0.020000 0.982847
0.030000 0.934023
0.040000 0.974522
0.050000 0.982393
0.060000 0.975818
0.070000 1.004647
0.080000 1.003612
0.090000 0.995945
0.100000 0.992826
0.110000 1.004523
0.120000 0.978191
0.130000 0.992140
0.140000 0.998216
0.150000 1.006636
0.160000 0.994556
0.170000 0.997061
0.180000 0.989163
0.190000 0.973240
0.200000 0.993884
0.210000 1.007451
0.220000 0.988343
0.230000 1.013889
0.240000 0.998557
0.250000 1.018456
0.260000 1.018425
0.270000 1.024529
0.280000 1.010231
0.290000 1.000966
0.300000 0.996843
0.310000 1.030139
0.320000 1.001455
0.330000 0.985630
0.340000 0.991881
0.350000 0.979924
0.360000 0.991438
0.370000 0.990008
0.380000 0.981760
0.390000 0.995538
0.400000 1.005005
0.410000 0.984999
0.420000 0.996724
0.430000 1.003001
0.440000 0.973151
0.450000 1.007666
0.460000 0.984375
0.470000 1.002644
0.480000 0.996761
0.490000 0.987645
0.500000 0.984400
0.510000 0.985259
0.520000 0.965879
0.530000 1.003323
0.540000 0.974564
0.550000 0.991619
0.560000 0.987224
0.570000 1.001387
0.580000 0.986645
0.590000 0.992211
0.600000 0.986206
0.610000 1.005637
0.620000 0.998899
0.630000 0.999853
0.640000 0.990795
0.650000 0.976019
0.660000 0.987027
0.670000 1.004859
0.680000 1.005858
0.690000 1.005741
0.700000 0.995322
0.710000 1.003643
0.720000 0.989308
0.730000 1.022104
0.740000 1.020694
0.750000 1.026266
0.760000 1.004179
0.770000 1.009749
0.780000 1.007238
0.790000 0.989494
0.800000 1.001479
0.810000 0.998086
0.820000 1.014362
0.830000 1.000405
0.840000 1.008673
0.850000 1.017790
0.860000 0.999877
0.870000 1.031440
0.880000 0.998557
0.890000 1.024675
0.900000 0.996057
0.910000 1.011720
0.920000 1.031567
0.930000 1.005036
0.940000 1.010324
0.950000 1.004596
0.960000 1.005440
0.970000 1.013943
0.980000 0.996026
0.990000 1.010417
1.000000 0.977911
1.010000 1.000000
