#HCal Efficiency correction map. List of pairs follow: <x_exp, next upper limit> <correction factor>
#Created from SBS14 mag70
-0.510000 1.000000
-0.500000 1.000000
-0.490000 1.000000
-0.480000 1.000000
-0.470000 0.968754
-0.460000 1.024175
-0.450000 0.913268
-0.440000 1.009544
-0.430000 0.949514
-0.420000 1.009544
-0.410000 1.007744
-0.400000 0.949840
-0.390000 0.969716
-0.380000 1.019741
-0.370000 0.996372
-0.360000 1.000517
-0.350000 1.033159
-0.340000 0.912102
-0.330000 0.982723
-0.320000 0.988365
-0.310000 0.991415
-0.300000 1.000000
-0.290000 1.048877
-0.280000 1.018070
-0.270000 0.975553
-0.260000 0.999346
-0.250000 1.020927
-0.240000 0.944760
-0.230000 1.006804
-0.220000 1.030324
-0.210000 1.001649
-0.200000 0.917767
-0.190000 0.969716
-0.180000 0.946586
-0.170000 0.973389
-0.160000 0.987295
-0.150000 0.913268
-0.140000 0.962300
-0.130000 1.029012
-0.120000 1.031072
-0.110000 1.035623
-0.100000 0.975854
-0.090000 1.033159
-0.080000 1.002746
-0.070000 0.962104
-0.060000 0.950083
-0.050000 1.000000
-0.040000 0.948359
-0.030000 0.950083
-0.020000 0.942241
-0.010000 0.954974
0.000000 1.022785
0.010000 0.991415
0.020000 1.004634
0.030000 1.002092
0.040000 0.960910
0.050000 0.963656
0.060000 0.966267
0.070000 0.998544
0.080000 0.998137
0.090000 0.968056
0.100000 1.006227
0.110000 0.948747
0.120000 0.962104
0.130000 0.969954
0.140000 0.900772
0.150000 1.004634
0.160000 0.986197
0.170000 0.979325
0.180000 0.864097
0.190000 0.941300
0.200000 1.013623
0.210000 0.889760
0.220000 0.998382
0.230000 0.988365
0.240000 0.966630
0.250000 0.989407
0.260000 1.015106
0.270000 0.958020
0.280000 1.010406
0.290000 0.988365
0.300000 1.006804
0.310000 1.017853
0.320000 1.033807
0.330000 1.007744
0.340000 1.025486
0.350000 1.046394
0.360000 1.002092
0.370000 0.913688
0.380000 1.007744
0.390000 1.042551
0.400000 0.944760
0.410000 0.961222
0.420000 1.024175
0.430000 0.980244
0.440000 0.974842
0.450000 0.980426
0.460000 1.022785
0.470000 0.973389
0.480000 1.024840
0.490000 0.940943
0.500000 0.990424
0.510000 1.008657
0.520000 0.963656
0.530000 1.007744
0.540000 1.012851
0.550000 0.996372
0.560000 0.913268
0.570000 0.953388
0.580000 0.967110
0.590000 0.998382
0.600000 0.995590
0.610000 0.985070
0.620000 1.002746
0.630000 0.959963
0.640000 1.037783
0.650000 1.028739
0.660000 1.000000
0.670000 1.007744
0.680000 0.976805
0.690000 0.927965
0.700000 1.048422
0.710000 1.011243
0.720000 0.927965
0.730000 0.907791
0.740000 0.986750
0.750000 0.976805
0.760000 0.994248
0.770000 1.015819
0.780000 0.927965
0.790000 0.963656
0.800000 0.936887
0.810000 1.022059
0.820000 0.921324
0.830000 0.959963
0.840000 0.869967
0.850000 0.973389
0.860000 0.973389
0.870000 0.956821
0.880000 1.042551
0.890000 0.934454
0.900000 1.006485
0.910000 1.002384
0.920000 1.045235
0.930000 0.936887
0.940000 0.977622
0.950000 0.897097
0.960000 1.036189
0.970000 0.967110
0.980000 0.999346
0.990000 0.841287
1.000000 1.003808
1.010000 1.000000
