#HCal Efficiency correction map. List of pairs follow: <x_exp, next upper limit> <correction factor>
#Created from SBS8 mag50
-1.210000 1.000000
-1.200000 1.000000
-1.190000 1.000000
-1.180000 1.000000
-1.170000 1.000000
-1.160000 1.000000
-1.150000 1.000000
-1.140000 0.963810
-1.130000 0.970550
-1.120000 0.920001
-1.110000 0.951293
-1.100000 0.970550
-1.090000 1.000000
-1.080000 0.934604
-1.070000 0.949678
-1.060000 0.963810
-1.050000 0.906405
-1.040000 0.937761
-1.030000 1.018572
-1.020000 0.931266
-1.010000 0.871184
-1.000000 0.946286
-0.990000 0.984317
-0.980000 0.898096
-0.970000 0.946286
-0.960000 0.988343
-0.950000 1.034193
-0.940000 0.998858
-0.930000 0.988343
-0.920000 0.983595
-0.910000 0.932400
-0.900000 1.033905
-0.890000 0.989580
-0.880000 0.986726
-0.870000 1.037595
-0.860000 0.990477
-0.850000 0.995103
-0.840000 0.970550
-0.830000 0.965247
-0.820000 0.938198
-0.810000 0.952858
-0.800000 1.003637
-0.790000 1.034193
-0.780000 1.032983
-0.770000 1.007620
-0.760000 0.934604
-0.750000 0.973546
-0.740000 1.004350
-0.730000 0.970550
-0.720000 1.000000
-0.710000 1.007003
-0.700000 0.983595
-0.690000 0.974118
-0.680000 0.972572
-0.670000 1.002902
-0.660000 1.034193
-0.650000 1.020043
-0.640000 1.007620
-0.630000 0.974495
-0.620000 1.019078
-0.610000 0.942661
-0.600000 1.007620
-0.590000 0.977385
-0.580000 1.009372
-0.570000 1.023760
-0.560000 1.024119
-0.550000 1.011502
-0.540000 1.030813
-0.530000 1.015788
-0.520000 1.020043
-0.510000 0.960565
-0.500000 0.986726
-0.490000 0.963810
-0.480000 0.920001
-0.470000 1.001361
-0.460000 0.999507
-0.450000 0.992194
-0.440000 0.979741
-0.430000 1.005715
-0.420000 0.990477
-0.410000 0.946286
-0.400000 0.977385
-0.390000 1.019568
-0.380000 1.018051
-0.370000 0.917204
-0.360000 0.992194
-0.350000 1.031591
-0.340000 0.928763
-0.330000 0.997510
-0.320000 0.993017
-0.310000 1.016956
-0.300000 0.994595
-0.290000 0.978917
-0.280000 0.976327
-0.270000 0.950330
-0.260000 1.015173
-0.250000 0.970550
-0.240000 1.023391
-0.230000 0.974763
-0.220000 0.983155
-0.210000 0.985715
-0.200000 0.949678
-0.190000 0.993017
-0.180000 1.009372
-0.170000 1.004699
-0.160000 0.993017
-0.150000 0.974495
-0.140000 1.039059
-0.130000 0.967793
-0.120000 0.908643
-0.110000 0.954746
-0.100000 0.963810
-0.090000 0.953622
-0.080000 0.910384
-0.070000 0.972572
-0.060000 0.964841
-0.050000 0.878253
-0.040000 0.895136
-0.030000 0.938776
-0.020000 0.962888
-0.010000 0.961673
0.000000 1.028818
0.010000 0.926918
0.020000 0.982104
0.030000 0.977385
0.040000 0.899415
0.050000 0.946286
0.060000 1.027258
0.070000 0.925258
0.080000 0.971429
0.090000 0.982104
0.100000 0.999889
0.110000 1.001361
0.120000 0.993017
0.130000 1.011502
0.140000 0.962888
0.150000 0.974495
0.160000 0.951293
0.170000 0.953622
0.180000 1.016382
0.190000 0.982858
0.200000 0.968148
0.210000 0.962754
0.220000 1.000389
0.230000 1.026690
0.240000 0.982858
0.250000 0.980546
0.260000 0.975422
0.270000 0.976327
0.280000 0.962754
0.290000 0.999889
0.300000 0.997232
0.310000 1.023012
0.320000 0.922683
0.330000 0.978917
0.340000 0.988090
0.350000 0.962888
0.360000 0.978074
0.370000 0.994595
0.380000 0.987706
0.390000 0.993017
0.400000 0.994079
0.410000 1.009372
0.420000 0.984520
0.430000 0.947234
0.440000 0.995502
0.450000 0.958656
0.460000 0.971320
0.470000 1.032137
0.480000 0.946286
0.490000 1.009788
0.500000 0.987706
0.510000 0.965598
0.520000 0.971574
0.530000 1.040001
0.540000 0.947327
0.550000 0.996091
0.560000 1.008514
0.570000 0.967793
0.580000 0.957738
0.590000 0.955845
0.600000 0.978074
0.610000 0.969500
0.620000 0.975422
0.630000 0.953296
0.640000 0.990300
0.650000 0.946286
0.660000 0.992194
0.670000 0.978413
0.680000 0.950087
0.690000 0.967315
0.700000 0.985715
0.710000 0.998192
0.720000 1.025785
0.730000 0.987318
0.740000 0.967793
0.750000 0.988343
0.760000 0.978917
0.770000 1.015585
0.780000 1.002752
0.790000 0.957969
0.800000 0.955845
0.810000 0.978558
0.820000 1.004068
0.830000 0.980745
0.840000 0.971429
0.850000 0.967315
0.860000 1.026690
0.870000 0.974763
0.880000 0.973546
0.890000 0.954374
0.900000 1.041221
0.910000 0.982858
0.920000 1.016671
0.930000 0.958656
0.940000 1.016671
0.950000 0.999292
0.960000 0.963810
0.970000 0.987706
0.980000 0.951820
0.990000 0.973956
1.000000 0.945403
1.010000 0.980146
1.020000 1.021100
1.030000 0.977086
1.040000 1.014537
1.050000 0.992471
1.060000 1.006688
1.070000 0.928289
1.080000 1.041603
1.090000 0.976992
1.100000 0.994595
1.110000 0.944339
1.120000 0.990096
1.130000 1.029972
1.140000 0.995502
1.150000 0.981995
1.160000 0.974763
1.170000 0.977086
1.180000 0.997045
1.190000 0.988343
1.200000 0.972818
1.210000 0.988968
1.220000 1.016767
1.230000 1.029524
1.240000 1.004068
1.250000 0.947442
1.260000 1.003088
1.270000 0.968148
1.280000 0.974763
1.290000 0.994286
1.300000 0.983595
1.310000 1.007159
1.320000 1.015173
1.330000 1.012001
1.340000 0.981334
1.350000 0.960565
1.360000 0.973956
1.370000 1.015988
1.380000 0.976327
1.390000 0.954869
1.400000 1.011375
1.410000 1.028818
1.420000 0.952471
1.430000 1.037595
1.440000 0.958265
1.450000 0.957969
1.460000 1.015585
1.470000 0.956919
1.480000 0.964713
1.490000 0.989580
1.500000 0.991914
1.510000 1.000000
