#HCal Efficiency correction map. List of pairs follow: <x_exp, next upper limit> <correction factor>
#Created from SBS4 mag30
-1.430000 1.000000
-1.420000 1.000000
-1.410000 1.000000
-1.400000 1.000000
-1.390000 1.029314
-1.380000 1.035500
-1.370000 0.979828
-1.360000 0.956387
-1.350000 0.976756
-1.340000 0.963765
-1.330000 1.000000
-1.320000 1.007823
-1.310000 0.930980
-1.300000 1.008399
-1.290000 0.993892
-1.280000 1.008399
-1.270000 0.989134
-1.260000 1.010172
-1.250000 1.007472
-1.240000 1.014367
-1.230000 1.006333
-1.220000 0.999424
-1.210000 1.018954
-1.200000 0.983927
-1.190000 1.014683
-1.180000 1.004769
-1.170000 1.010131
-1.160000 1.017014
-1.150000 1.019021
-1.140000 1.006413
-1.130000 0.997208
-1.120000 1.001328
-1.110000 1.025068
-1.100000 0.976697
-1.090000 1.005850
-1.080000 1.013502
-1.070000 1.005588
-1.060000 0.980149
-1.050000 1.000000
-1.040000 0.999718
-1.030000 1.007037
-1.020000 0.998348
-1.010000 1.004836
-1.000000 0.997404
-0.990000 1.001206
-0.980000 0.987182
-0.970000 0.985513
-0.960000 0.980123
-0.950000 1.022999
-0.940000 0.995064
-0.930000 1.007939
-0.920000 1.003192
-0.910000 0.974142
-0.900000 0.986345
-0.890000 0.990690
-0.880000 0.997643
-0.870000 0.980875
-0.860000 0.989725
-0.850000 0.987340
-0.840000 0.939600
-0.830000 0.960342
-0.820000 0.971730
-0.810000 0.982422
-0.800000 1.014879
-0.790000 0.981899
-0.780000 0.970613
-0.770000 1.011435
-0.760000 1.004317
-0.750000 0.994012
-0.740000 0.985457
-0.730000 1.002584
-0.720000 0.978714
-0.710000 1.012147
-0.700000 0.993289
-0.690000 1.024222
-0.680000 0.990307
-0.670000 1.001206
-0.660000 1.008470
-0.650000 0.984008
-0.640000 0.986679
-0.630000 0.996794
-0.620000 1.004677
-0.610000 0.987417
-0.600000 1.001189
-0.590000 0.962013
-0.580000 0.994220
-0.570000 0.966817
-0.560000 1.017654
-0.550000 1.037694
-0.540000 0.978147
-0.530000 1.011124
-0.520000 1.013615
-0.510000 0.981288
-0.500000 0.939897
-0.490000 1.012645
-0.480000 0.991164
-0.470000 1.015458
-0.460000 0.989725
-0.450000 1.002096
-0.440000 1.029797
-0.430000 1.043146
-0.420000 1.043752
-0.410000 0.986679
-0.400000 0.990962
-0.390000 1.011512
-0.380000 1.014967
-0.370000 0.991164
-0.360000 0.972933
-0.350000 0.987250
-0.340000 1.000675
-0.330000 0.999123
-0.320000 1.002815
-0.310000 1.014745
-0.300000 0.994759
-0.290000 1.010172
-0.280000 0.997980
-0.270000 1.002096
-0.260000 0.971730
-0.250000 1.017816
-0.240000 0.999738
-0.230000 1.003682
-0.220000 1.006394
-0.210000 1.010036
-0.200000 0.999192
-0.190000 0.986679
-0.180000 0.989398
-0.170000 0.980337
-0.160000 1.010131
-0.150000 0.999060
-0.140000 1.010206
-0.130000 0.962013
-0.120000 1.022138
-0.110000 1.000675
-0.100000 1.000882
-0.090000 0.979361
-0.080000 0.969606
-0.070000 1.004376
-0.060000 0.998580
-0.050000 1.007739
-0.040000 1.008399
-0.030000 0.968693
-0.020000 1.015175
-0.010000 0.998021
0.000000 0.975048
0.010000 0.964753
0.020000 0.953708
0.030000 0.960693
0.040000 0.985827
0.050000 0.954104
0.060000 0.951686
0.070000 0.951409
0.080000 0.953790
0.090000 0.977756
0.100000 0.957268
0.110000 0.945251
0.120000 0.957314
0.130000 0.950442
0.140000 0.961225
0.150000 0.965971
0.160000 0.938426
0.170000 0.969883
0.180000 1.003566
0.190000 0.950683
0.200000 0.961751
0.210000 0.993839
0.220000 0.973949
0.230000 0.986913
0.240000 0.993094
0.250000 0.984897
0.260000 0.968858
0.270000 0.985574
0.280000 0.966708
0.290000 0.995015
0.300000 0.985679
0.310000 0.987720
0.320000 1.001036
0.330000 0.996610
0.340000 0.984832
0.350000 0.993980
0.360000 1.004820
0.370000 0.987099
0.380000 0.988476
0.390000 0.996477
0.400000 0.988476
0.410000 1.001592
0.420000 0.997452
0.430000 1.015300
0.440000 1.005831
0.450000 0.995084
0.460000 0.987163
0.470000 0.999381
0.480000 1.009519
0.490000 0.994111
0.500000 0.999023
0.510000 0.988917
0.520000 1.003357
0.530000 0.974374
0.540000 1.019131
0.550000 0.997948
0.560000 1.022429
0.570000 0.994773
0.580000 1.006485
0.590000 1.010260
0.600000 0.973290
0.610000 0.973373
0.620000 0.997801
0.630000 1.018757
0.640000 0.991886
0.650000 1.007553
0.660000 1.020777
0.670000 0.994104
0.680000 1.008444
0.690000 1.008355
0.700000 0.985548
0.710000 1.013155
0.720000 0.988231
0.730000 0.995262
0.740000 1.001108
0.750000 0.998929
0.760000 1.003817
0.770000 1.016247
0.780000 0.997478
0.790000 1.019531
0.800000 1.009104
0.810000 1.012361
0.820000 1.001611
0.830000 1.025274
0.840000 1.017617
0.850000 1.020193
0.860000 0.991366
0.870000 1.005246
0.880000 1.020802
0.890000 1.010750
0.900000 0.994135
0.910000 0.980066
0.920000 1.014087
0.930000 0.984439
0.940000 1.005278
0.950000 1.000989
0.960000 1.009354
0.970000 0.991892
0.980000 0.991399
0.990000 0.985881
1.000000 1.000906
1.010000 0.990357
1.020000 1.025401
1.030000 1.027219
1.040000 1.010064
1.050000 0.988369
1.060000 0.978265
1.070000 0.996923
1.080000 1.016506
1.090000 0.987250
1.100000 0.990451
1.110000 1.006434
1.120000 1.006712
1.130000 0.971095
1.140000 0.971730
1.150000 0.995690
1.160000 0.978518
1.170000 0.993154
1.180000 0.994734
1.190000 0.979455
1.200000 1.015214
1.210000 0.967790
1.220000 1.003942
1.230000 0.981843
1.240000 0.970613
1.250000 1.000675
1.260000 0.998366
1.270000 1.019058
1.280000 1.015458
1.290000 1.000310
1.300000 0.982235
1.310000 0.966561
1.320000 0.975716
1.330000 0.982899
1.340000 0.978208
1.350000 1.012972
1.360000 0.974751
1.370000 1.025932
1.380000 0.945979
1.390000 1.020316
1.400000 0.990962
1.410000 1.036836
1.420000 1.022652
1.430000 1.008223
1.440000 0.993980
1.450000 1.014719
1.460000 0.993746
1.470000 1.017333
1.480000 1.013979
1.490000 1.018869
1.500000 1.005452
1.510000 1.028944
1.520000 1.008852
1.530000 1.003124
1.540000 1.037090
1.550000 0.986225
1.560000 0.988114
1.570000 1.005193
1.580000 0.983957
1.590000 1.019999
1.600000 1.029892
1.610000 0.974588
1.620000 0.962828
1.630000 0.972605
1.640000 0.984313
1.650000 0.996259
1.660000 0.979828
1.670000 0.963071
1.680000 1.030034
1.690000 0.966405
1.700000 1.000000
1.710000 1.028567
1.720000 1.026985
1.730000 1.047088
1.740000 0.921468
1.750000 1.000000
1.760000 1.000000
1.770000 0.986679
1.780000 1.000000
1.790000 1.000000
1.800000 1.000000
1.810000 1.000000
1.820000 0.000000
1.830000 0.000000
1.840000 0.000000
1.850000 0.000000
1.860000 0.000000
1.870000 0.000000
1.880000 0.000000
1.890000 0.000000
1.900000 0.000000
1.910000 0.000000
1.920000 0.000000
1.930000 0.000000
1.940000 0.000000
1.950000 0.000000
1.960000 0.000000
1.970000 0.000000
1.980000 0.000000
1.990000 0.000000
2.000000 0.000000
2.010000 1.000000
