#HCal Efficiency correction map. List of pairs follow: <x_exp, next upper limit> <correction factor>
#Created from SBS8 mag0 and mag70
-1.53 1
-1.52 1
-1.51 0.974294
-1.5 0.989517
-1.49 1.01856
-1.48 1.0225
-1.47 0.994591
-1.46 0.890893
-1.45 1.02157
-1.44 1.01587
-1.43 0.981846
-1.42 0.955842
-1.41 1.01012
-1.4 1.02359
-1.39 1.02456
-1.38 0.961313
-1.37 1.02638
-1.36 0.981184
-1.35 0.985214
-1.34 1.01433
-1.33 0.985645
-1.32 0.972515
-1.31 1.01332
-1.3 1.00862
-1.29 0.962971
-1.28 0.982897
-1.27 0.997279
-1.26 0.997242
-1.25 1.01304
-1.24 1.00282
-1.23 0.991245
-1.22 0.998299
-1.21 1.01624
-1.2 1.00266
-1.19 0.979556
-1.18 0.985696
-1.17 1.00832
-1.16 1.01285
-1.15 1.00592
-1.14 0.973503
-1.13 1.00539
-1.12 1.00824
-1.11 0.9993
-1.1 1.01292
-1.09 1.03286
-1.08 1.01234
-1.07 0.97235
-1.06 1.01939
-1.05 0.995122
-1.04 1.01184
-1.03 1.0022
-1.02 1.00096
-1.01 1.00593
-1 1.02943
-0.99 1.02271
-0.98 0.993858
-0.97 1.02957
-0.96 0.990989
-0.95 1.01964
-0.94 1.00205
-0.93 0.986159
-0.92 1.00607
-0.91 1.00673
-0.9 0.99827
-0.89 0.977507
-0.88 0.997217
-0.87 0.977998
-0.86 0.993183
-0.85 0.999092
-0.84 0.993407
-0.83 1.00504
-0.82 1.00088
-0.81 0.970584
-0.8 0.949342
-0.79 0.937609
-0.78 0.944698
-0.77 0.929841
-0.76 0.927581
-0.75 0.915
-0.74 0.89008
-0.73 0.902312
-0.72 0.964552
-0.71 0.905048
-0.7 0.912708
-0.69 0.894229
-0.68 0.936875
-0.67 0.930953
-0.66 0.900202
-0.65 0.93608
-0.64 0.919464
-0.63 0.938621
-0.62 0.968803
-0.61 0.925074
-0.6 0.974173
-0.59 0.963347
-0.58 0.993302
-0.57 0.952464
-0.56 1.00492
-0.55 0.982287
-0.54 1.00555
-0.53 0.973503
-0.52 0.975459
-0.51 0.988118
-0.5 1.02192
-0.49 0.965909
-0.48 0.959873
-0.47 0.984447
-0.46 1.02925
-0.45 0.973041
-0.44 0.984201
-0.43 0.950563
-0.42 1.00976
-0.41 1.01881
-0.4 1.02277
-0.39 1.00063
-0.38 1.00204
-0.37 1.01627
-0.36 0.989103
-0.35 1.02919
-0.34 0.999273
-0.33 0.99952
-0.32 0.989055
-0.31 1.0031
-0.3 1.00797
-0.29 0.999747
-0.28 1.00367
-0.27 0.988339
-0.26 1.02995
-0.25 0.991765
-0.24 1.02102
-0.23 1.01103
-0.22 0.998981
-0.21 0.999878
-0.2 1.00329
-0.19 1.01298
-0.18 0.99433
-0.17 0.999812
-0.16 1.00383
-0.15 1.00185
-0.14 0.963595
-0.13 1.01511
-0.12 0.98653
-0.11 1.00745
-0.1 0.996367
-0.09 1.01537
-0.08 1.00094
-0.07 0.998331
-0.06 1.00567
-0.05 1.01608
-0.04 1.00182
-0.03 1.01875
-0.02 1.01619
-0.01 0.993538
0 0.968393
0.01 0.988574
0.02 1.00914
0.03 0.950182
0.04 0.985312
0.05 0.995607
0.06 0.979354
0.07 1.00263
0.08 0.989164
0.09 0.996086
0.1 0.999974
0.11 1.00192
0.12 0.981906
0.13 0.991509
0.14 0.981032
0.15 0.995489
0.16 0.965663
0.17 0.95645
0.18 0.9653
0.19 0.946449
0.2 0.965293
0.21 0.981183
0.22 0.953934
0.23 0.988985
0.24 0.956872
0.25 0.982125
0.26 0.987215
0.27 0.994692
0.28 0.981641
0.29 0.985446
0.3 0.966604
0.31 1.02258
0.32 0.980013
0.33 0.975394
0.34 0.983784
0.35 0.971215
0.36 0.990932
0.37 0.988033
0.38 0.97742
0.39 0.992425
0.4 1.01555
0.41 0.990212
0.42 0.988403
0.43 0.99811
0.44 0.965185
0.45 0.997568
0.46 0.990472
0.47 1.01644
0.48 1.00268
0.49 0.994516
0.5 0.988048
0.51 0.988924
0.52 0.969884
0.53 0.993801
0.54 0.9746
0.55 1.00006
0.56 0.994736
0.57 1.01096
0.58 0.992178
0.59 0.988001
0.6 0.986399
0.61 1.00408
0.62 0.996975
0.63 1.00354
0.64 0.987659
0.65 0.974054
0.66 0.986413
0.67 1.00938
0.68 1.00405
0.69 1.00854
0.7 1.00364
0.71 0.999635
0.72 0.989161
0.73 1.01705
0.74 1.01811
0.75 1.02495
0.76 1.01012
0.77 1.00564
0.78 1.00763
0.79 0.991158
0.8 0.995899
0.81 0.988349
0.82 1.02414
0.83 0.992737
0.84 1.01642
0.85 1.0239
0.86 1.0014
0.87 1.03256
0.88 1.0118
0.89 1.03197
0.9 1.00386
0.91 1.0179
0.92 1.02767
0.93 1.01525
0.94 1.02463
0.95 1.00173
0.96 1.01507
0.97 1.02077
0.98 0.999111
0.99 1.01063
1 0.986985
1.01 1.01796
