#HCal Efficiency correction map. List of pairs follow: <x_exp, next upper limit> <correction factor>
#Created from SBS4 mag50
-1.410000 1.000000
-1.400000 1.000000
-1.390000 1.000000
-1.380000 1.000000
-1.370000 1.000000
-1.360000 1.000000
-1.350000 1.000000
-1.340000 0.921180
-1.330000 1.000000
-1.320000 0.984167
-1.310000 0.935352
-1.300000 1.009755
-1.290000 0.984167
-1.280000 1.000000
-1.270000 0.974325
-1.260000 0.956610
-1.250000 0.985127
-1.240000 0.966273
-1.230000 0.976719
-1.220000 0.969663
-1.210000 0.913721
-1.200000 1.000000
-1.190000 1.005959
-1.180000 0.985879
-1.170000 1.005959
-1.160000 0.984746
-1.150000 0.971795
-1.140000 0.969115
-1.130000 0.981139
-1.120000 0.966273
-1.110000 0.990839
-1.100000 0.983579
-1.090000 1.016008
-1.080000 0.960452
-1.070000 0.960978
-1.060000 0.925752
-1.050000 0.970474
-1.040000 0.975539
-1.030000 0.887993
-1.020000 1.004499
-1.010000 0.992040
-1.000000 0.994766
-0.990000 1.016687
-0.980000 0.966273
-0.970000 0.975777
-0.960000 0.900763
-0.950000 0.924261
-0.940000 0.986979
-0.930000 0.974325
-0.920000 1.017347
-0.910000 1.037593
-0.900000 0.967715
-0.890000 0.956610
-0.880000 0.942895
-0.870000 0.963696
-0.860000 1.033375
-0.850000 1.002736
-0.840000 1.005959
-0.830000 0.971271
-0.820000 1.016687
-0.810000 0.988311
-0.800000 0.958353
-0.790000 1.024940
-0.780000 1.010627
-0.770000 1.007923
-0.760000 1.012286
-0.750000 0.982681
-0.740000 1.016687
-0.730000 0.999126
-0.720000 0.999444
-0.710000 0.979861
-0.700000 1.006212
-0.690000 0.997825
-0.680000 0.993202
-0.670000 1.020384
-0.660000 1.003850
-0.650000 0.989597
-0.640000 1.024249
-0.630000 1.043575
-0.620000 1.004659
-0.610000 0.917012
-0.600000 0.961672
-0.590000 0.966273
-0.580000 0.976133
-0.570000 0.964026
-0.560000 1.021218
-0.550000 0.966273
-0.540000 0.977868
-0.530000 0.981139
-0.520000 1.000000
-0.510000 0.966273
-0.500000 0.850320
-0.490000 1.003850
-0.480000 0.992040
-0.470000 1.000000
-0.460000 1.000000
-0.450000 0.981139
-0.440000 1.000000
-0.430000 0.992040
-0.420000 1.000377
-0.410000 1.000000
-0.400000 0.924261
-0.390000 0.924261
-0.380000 0.819952
-0.370000 0.889870
-0.360000 1.029157
-0.350000 0.952469
-0.340000 0.897968
-0.330000 0.964786
-0.320000 0.885750
-0.310000 1.000000
-0.300000 0.966273
-0.290000 0.885750
-0.280000 0.976133
-0.270000 0.982681
-0.260000 0.997825
-0.250000 0.996469
-0.240000 1.022537
-0.230000 0.998089
-0.220000 0.944800
-0.210000 0.941810
-0.200000 1.012286
-0.190000 0.994766
-0.180000 0.943137
-0.170000 0.989597
-0.160000 1.017347
-0.150000 1.036328
-0.140000 0.965002
-0.130000 0.950358
-0.120000 1.017989
-0.110000 0.999632
-0.100000 0.965162
-0.090000 0.965162
-0.080000 1.011676
-0.070000 0.946241
-0.060000 1.003187
-0.050000 0.988745
-0.040000 1.021489
-0.030000 0.935352
-0.020000 0.992040
-0.010000 1.016687
0.000000 0.992040
0.010000 1.028613
0.020000 1.036656
0.030000 0.967512
0.040000 0.996469
0.050000 0.959563
0.060000 1.023166
0.070000 1.027072
0.080000 1.013463
0.090000 1.020944
0.100000 0.982897
0.110000 1.000000
0.120000 1.016179
0.130000 0.907008
0.140000 1.027860
0.150000 0.947139
0.160000 1.023042
0.170000 1.031329
0.180000 0.996469
0.190000 1.027860
0.200000 0.961672
0.210000 1.014031
0.220000 0.994326
0.230000 0.974325
0.240000 1.010411
0.250000 1.023042
0.260000 1.010282
0.270000 0.977868
0.280000 0.982174
0.290000 1.017671
0.300000 0.990223
0.310000 1.014587
0.320000 0.952469
0.330000 1.041853
0.340000 1.004499
0.350000 0.957923
0.360000 0.995628
0.370000 0.980077
0.380000 1.023042
0.390000 0.940258
0.400000 0.978987
0.410000 0.936365
0.420000 0.995056
0.430000 0.998870
0.440000 0.984167
0.450000 0.976385
0.460000 0.997491
0.470000 1.035293
0.480000 0.897254
0.490000 0.961133
0.500000 0.942572
0.510000 0.982897
0.520000 0.971045
0.530000 0.915275
0.540000 0.923829
0.550000 1.003850
0.560000 0.982897
0.570000 0.974325
0.580000 0.958921
0.590000 0.982174
0.600000 0.963816
0.610000 0.966273
0.620000 1.007541
0.630000 0.925752
0.640000 1.000377
0.650000 0.992040
0.660000 0.986064
0.670000 1.011052
0.680000 0.964026
0.690000 0.969115
0.700000 0.962205
0.710000 0.949387
0.720000 0.924261
0.730000 1.013692
0.740000 1.026249
0.750000 1.015660
0.760000 0.971468
0.770000 0.972654
0.780000 1.014587
0.790000 0.932749
0.800000 0.994766
0.810000 0.973393
0.820000 1.018613
0.830000 0.984581
0.840000 0.979301
0.850000 0.975238
0.860000 1.004499
0.870000 1.012286
0.880000 1.019517
0.890000 0.973498
0.900000 0.994326
0.910000 0.969459
0.920000 0.990099
0.930000 0.978351
0.940000 0.959563
0.950000 0.989088
0.960000 1.023042
0.970000 0.996469
0.980000 0.995415
0.990000 0.984746
1.000000 0.989088
1.010000 1.001104
1.020000 1.048728
1.030000 0.981139
1.040000 0.992040
1.050000 0.967715
1.060000 0.967512
1.070000 1.018613
1.080000 1.013843
1.090000 1.007923
1.100000 1.006212
1.110000 0.999126
1.120000 0.988311
1.130000 0.942895
1.140000 1.002163
1.150000 0.948434
1.160000 0.979536
1.170000 0.977868
1.180000 1.001283
1.190000 1.010627
1.200000 1.021218
1.210000 1.035646
1.220000 0.979536
1.230000 0.999126
1.240000 0.966273
1.250000 1.015660
1.260000 0.901155
1.270000 0.937853
1.280000 0.923045
1.290000 0.992040
1.300000 0.976719
1.310000 0.996469
1.320000 1.006958
1.330000 1.009755
1.340000 0.988745
1.350000 1.036328
1.360000 0.956610
1.370000 1.032532
1.380000 0.998482
1.390000 0.970474
1.400000 1.044885
1.410000 0.978987
1.420000 1.039794
1.430000 0.996469
1.440000 1.027470
1.450000 0.964026
1.460000 1.036976
1.470000 0.989597
1.480000 1.026870
1.490000 0.928166
1.500000 0.952945
1.510000 1.038744
1.520000 0.953885
1.530000 1.039280
1.540000 0.979536
1.550000 1.008393
1.560000 1.005446
1.570000 0.956610
1.580000 0.858496
1.590000 1.005446
1.600000 1.000000
1.610000 1.000000
