#HCal Efficiency correction map. Combined with original values
#Created from SBS8 mag70 and mag0
-1.53 1 1 1
-1.52 1 1 1
-1.51 0.974294 0.974294 1
-1.5 0.989517 0.989517 1
-1.49 1.01856 1.0225 0.99615
-1.48 1.0225 1.0225 1
-1.47 0.994591 0.994591 1
-1.46 0.890893 0.934165 0.953678
-1.45 1.02157 1.00836 1.01309
-1.44 1.01587 1.03015 0.986131
-1.43 0.981846 0.981846 1
-1.42 0.955842 0.986376 0.969044
-1.41 1.01012 0.999124 1.011
-1.4 1.02359 1.00072 1.02286
-1.39 1.02456 1.00608 1.01836
-1.38 0.961313 1.00904 0.952698
-1.37 1.02638 1.01357 1.01264
-1.36 0.981184 0.999379 0.981794
-1.35 0.985214 1.0017 0.98354
-1.34 1.01433 0.980539 1.03446
-1.33 0.985645 0.998023 0.987597
-1.32 0.972515 0.995417 0.976993
-1.31 1.01332 0.981191 1.03275
-1.3 1.00862 1.01057 0.998069
-1.29 0.962971 0.989517 0.973173
-1.28 0.982897 0.996341 0.986507
-1.27 0.997279 0.992074 1.00525
-1.26 0.997242 1.00004 0.997201
-1.25 1.01304 1.01057 1.00245
-1.24 1.00282 1.00768 0.995181
-1.23 0.991245 0.991367 0.999877
-1.22 0.998299 0.993194 1.00514
-1.21 1.01624 0.997525 1.01876
-1.2 1.00266 1.00358 0.999083
-1.19 0.979556 0.998834 0.980699
-1.18 0.985696 0.998277 0.987397
-1.17 1.00832 1.00623 1.00208
-1.16 1.01285 1.00162 1.01121
-1.15 1.00592 1.00169 1.00422
-1.14 0.973503 0.989704 0.98363
-1.13 1.00539 0.997018 1.0084
-1.12 1.00824 0.996354 1.01192
-1.11 0.9993 0.996773 1.00253
-1.1 1.01292 1.00764 1.00525
-1.09 1.03286 1.00898 1.02366
-1.08 1.01234 0.986251 1.02645
-1.07 0.97235 1.00377 0.968697
-1.06 1.01939 1.00908 1.01022
-1.05 0.995122 0.996091 0.999027
-1.04 1.01184 0.993397 1.01857
-1.03 1.0022 0.986866 1.01554
-1.02 1.00096 0.994297 1.0067
-1.01 1.00593 0.999275 1.00666
-1 1.02943 1.00943 1.01981
-0.99 1.02271 1.00488 1.01775
-0.98 0.993858 1.00551 0.988415
-0.97 1.02957 0.9998 1.02977
-0.96 0.990989 0.996074 0.994895
-0.95 1.01964 1.00087 1.01875
-0.94 1.00205 0.997801 1.00426
-0.93 0.986159 1.00195 0.984236
-0.92 1.00607 0.999055 1.00703
-0.91 1.00673 1.00133 1.0054
-0.9 0.99827 1.00324 0.995041
-0.89 0.977507 0.996642 0.980801
-0.88 0.997217 1.00877 0.988546
-0.87 0.977998 0.993257 0.984637
-0.86 0.993183 0.987108 1.00615
-0.85 0.999092 0.994119 1.005
-0.84 0.993407 0.992452 1.00096
-0.83 1.00504 0.987189 1.01808
-0.82 1.00088 0.994914 1.006
-0.81 0.970584 0.988058 0.982315
-0.8 0.949342 0.975004 0.97368
-0.79 0.937609 0.959167 0.977524
-0.78 0.944698 0.987689 0.956473
-0.77 0.929841 0.973466 0.955186
-0.76 0.927581 0.971977 0.954324
-0.75 0.915 0.95977 0.953353
-0.74 0.89008 0.960943 0.926257
-0.73 0.902312 0.980637 0.920128
-0.72 0.964552 0.987747 0.976517
-0.71 0.905048 0.967001 0.935933
-0.7 0.912708 0.9698 0.94113
-0.69 0.894229 0.976163 0.916065
-0.68 0.936875 0.97929 0.956688
-0.67 0.930953 0.989088 0.941224
-0.66 0.900202 0.966575 0.931332
-0.65 0.93608 0.974206 0.960865
-0.64 0.919464 0.972252 0.945705
-0.63 0.938621 0.986292 0.951666
-0.62 0.968803 0.989754 0.978832
-0.61 0.925074 0.981649 0.942367
-0.6 0.974173 0.987497 0.986507
-0.59 0.963347 0.989299 0.973767
-0.58 0.993302 1.00016 0.993142
-0.57 0.952464 0.993463 0.958731
-0.56 1.00492 0.994591 1.01038
-0.55 0.982287 0.997913 0.984341
-0.54 1.00555 0.995514 1.01008
-0.53 0.973503 0.97743 0.995982
-0.52 0.975459 0.996226 0.979154
-0.51 0.988118 0.993075 0.995008
-0.5 1.02192 1.01652 1.00531
-0.49 0.965909 0.993011 0.972707
-0.48 0.959873 0.981821 0.977646
-0.47 0.984447 0.986741 0.997675
-0.46 1.02925 1.00592 1.02319
-0.45 0.973041 1.00389 0.969268
-0.44 0.984201 1.00876 0.975651
-0.43 0.950563 0.993097 0.95717
-0.42 1.00976 1.01249 0.99731
-0.41 1.01881 0.999878 1.01893
-0.4 1.02277 1.01076 1.01188
-0.39 1.00063 1.00605 0.99462
-0.38 1.00204 0.988766 1.01343
-0.37 1.01627 1.00667 1.00954
-0.36 0.989103 1.00015 0.988954
-0.35 1.02919 1.00462 1.02446
-0.34 0.999273 1.0095 0.98987
-0.33 0.99952 1.0159 0.983872
-0.32 0.989055 0.999424 0.989625
-0.31 1.0031 1.00429 0.998822
-0.3 1.00797 1.0085 0.999477
-0.29 0.999747 1.00825 0.991568
-0.28 1.00367 1.00833 0.995377
-0.27 0.988339 0.996079 0.99223
-0.26 1.02995 1.01738 1.01236
-0.25 0.991765 0.996057 0.995691
-0.24 1.02102 1.00795 1.01297
-0.23 1.01103 1.00812 1.00288
-0.22 0.998981 0.99334 1.00568
-0.21 0.999878 1.00256 0.99733
-0.2 1.00329 1.00751 0.995812
-0.19 1.01298 1.01273 1.00025
-0.18 0.99433 1.00549 0.988898
-0.17 0.999812 0.995171 1.00466
-0.16 1.00383 1.00952 0.994371
-0.15 1.00185 1.0089 0.993011
-0.14 0.963595 0.999982 0.963612
-0.13 1.01511 1.01287 1.00221
-0.12 0.98653 0.997104 0.989395
-0.11 1.00745 1.01004 0.997436
-0.1 0.996367 1.00395 0.992444
-0.09 1.01537 1.00577 1.00954
-0.08 1.00094 1.00104 0.999902
-0.07 0.998331 1.01095 0.987518
-0.06 1.00567 1.00653 0.999148
-0.05 1.01608 1.00684 1.00918
-0.04 1.00182 1.0048 0.997031
-0.03 1.01875 1.00432 1.01438
-0.02 1.01619 1.00228 1.01388
-0.01 0.993538 0.99752 0.996008
0 0.968393 0.991724 0.976474
0.01 0.988574 0.99918 0.989385
0.02 1.00914 1.01707 0.992197
0.03 0.950182 1.00991 0.940855
0.04 0.985312 1.00586 0.979575
0.05 0.995607 1.0028 0.992829
0.06 0.979354 1.00215 0.977252
0.07 1.00263 0.994725 1.00795
0.08 0.989164 0.982513 1.00677
0.09 0.996086 0.99505 1.00104
0.1 0.999974 1.00223 0.997749
0.11 1.00192 0.992336 1.00966
0.12 0.981906 0.996994 0.984867
0.13 0.991509 0.994403 0.99709
0.14 0.981032 0.977888 1.00321
0.15 0.995489 0.981866 1.01388
0.16 0.965663 0.969525 0.996017
0.17 0.95645 0.957863 0.998525
0.18 0.9653 0.972634 0.99246
0.19 0.946449 0.969255 0.976471
0.2 0.965293 0.966418 0.998836
0.21 0.981183 0.972498 1.00893
0.22 0.953934 0.962131 0.99148
0.23 0.988985 0.972356 1.0171
0.24 0.956872 0.956849 1.00002
0.25 0.982125 0.962913 1.01995
0.26 0.987215 0.967933 1.01992
0.27 0.994692 0.969453 1.02603
0.28 0.981641 0.970274 1.01171
0.29 0.985446 0.98305 1.00244
0.3 0.966604 0.968242 0.998308
0.31 1.02258 0.991203 1.03165
0.32 0.980013 0.977154 1.00293
0.33 0.975394 0.988163 0.987078
0.34 0.983784 0.990382 0.993338
0.35 0.971215 0.989659 0.981363
0.36 0.990932 0.998023 0.992895
0.37 0.988033 0.996541 0.991462
0.38 0.97742 0.994119 0.983202
0.39 0.992425 0.99541 0.997001
0.4 1.01555 1.00901 1.00648
0.41 0.990212 1.00382 0.986446
0.42 0.988403 0.990197 0.998188
0.43 0.99811 0.993663 1.00448
0.44 0.965185 0.990359 0.974581
0.45 0.997568 0.988527 1.00915
0.46 0.990472 1.00472 0.985821
0.47 1.01644 1.01228 1.00412
0.48 1.00268 1.00446 0.998225
0.49 0.994516 1.00548 0.989096
0.5 0.988048 1.00223 0.985846
0.51 0.988924 1.00225 0.986706
0.52 0.969884 1.00267 0.967298
0.53 0.993801 0.989056 1.0048
0.54 0.9746 0.998571 0.975995
0.55 1.00006 1.00704 0.993075
0.56 0.994736 1.00613 0.988674
0.57 1.01096 1.00808 1.00286
0.58 0.992178 1.00413 0.988094
0.59 0.988001 0.994297 0.993668
0.6 0.986399 0.998729 0.987654
0.61 1.00408 0.996986 1.00711
0.62 0.996975 0.99661 1.00037
0.63 1.00354 1.00221 1.00132
0.64 0.987659 0.995373 0.99225
0.65 0.974054 0.996524 0.977452
0.66 0.986413 0.997913 0.988476
0.67 1.00938 1.00303 1.00634
0.68 1.00405 0.996741 1.00734
0.69 1.00854 1.00131 1.00722
0.7 1.00364 1.00688 0.996784
0.71 0.999635 0.994545 1.00512
0.72 0.989161 0.998385 0.990761
0.73 1.01705 0.993592 1.02361
0.74 1.01811 0.99601 1.02219
0.75 1.02495 0.997251 1.02777
0.76 1.01012 1.00444 1.00565
0.77 1.00564 0.994469 1.01123
0.78 1.00763 0.998927 1.00872
0.79 0.991158 1.00021 0.990948
0.8 0.995899 0.99297 1.00295
0.81 0.988349 0.988792 0.999552
0.82 1.02414 1.00816 1.01585
0.83 0.992737 0.990879 1.00188
0.84 1.01642 1.0062 1.01015
0.85 1.0239 1.00452 1.01928
0.86 1.0014 1.00006 1.00134
0.87 1.03256 0.999619 1.03296
0.88 1.0118 1.01178 1.00002
0.89 1.03197 1.00564 1.02618
0.9 1.00386 1.00636 0.99752
0.91 1.0179 1.00464 1.01321
0.92 1.02767 0.994764 1.03308
0.93 1.01525 1.00869 1.00651
0.94 1.02463 1.01267 1.01181
0.95 1.00173 0.995686 1.00607
0.96 1.01507 1.0081 1.00692
0.97 1.02077 1.00526 1.01543
0.98 0.999111 1.00163 0.997489
0.99 1.01063 0.998746 1.0119
1 0.986985 1.0078 0.979347
1.01 1.01796 1.01796 1
1.02 1.00271 1.00271 1
1.03 1.00031 1.00031 1
1.04 0.992419 0.992419 1
1.05 0.993004 0.993004 1
1.06 0.995981 0.995981 1
1.07 0.994508 0.994508 1
1.08 1.01016 1.01016 1
1.09 1.00367 1.00367 1
1.1 0.997996 0.997996 1
1.11 0.994784 0.994784 1
1.12 0.993782 0.993782 1
1.13 1.01031 1.01031 1
1.14 1.0048 1.0048 1
1.15 0.9977 0.9977 1
1.16 0.991144 0.991144 1
1.17 1.00236 1.00236 1
1.18 0.994436 0.994436 1
1.19 1.0033 1.0033 1
1.2 0.994309 0.994309 1
1.21 1.0062 1.0062 1
1.22 1.00264 1.00264 1
1.23 0.991492 0.991492 1
1.24 0.997566 0.997566 1
1.25 1.0038 1.0038 1
1.26 0.993971 0.993971 1
1.27 0.995816 0.995816 1
1.28 0.992336 0.992336 1
1.29 0.978751 0.978751 1
1.3 0.99583 0.99583 1
1.31 0.9867 0.9867 1
1.32 1.00374 1.00374 1
1.33 0.9867 0.9867 1
1.34 0.999639 0.999639 1
1.35 1.00341 1.00341 1
1.36 0.993444 0.993444 1
1.37 1.01433 1.01433 1
1.38 1.00506 1.00506 1
1.39 1.0025 1.0025 1
1.4 0.99541 0.99541 1
1.41 0.985404 0.985404 1
1.42 0.992886 0.992886 1
1.43 1.0037 1.0037 1
1.44 0.991491 0.991491 1
1.45 0.989072 0.989072 1
1.46 0.988738 0.988738 1
1.47 0.982175 0.982175 1
1.48 0.986756 0.986756 1
1.49 0.986726 0.986726 1
1.5 1.00869 1.00869 1
1.51 1 1 1
