#HCal Efficiency correction map. List of pairs follow: <x_exp, next upper limit> <correction factor>
#Created from SBS9 mag70
-0.890000 1.000000
-0.880000 1.000000
-0.870000 1.000000
-0.860000 0.994519
-0.850000 0.976760
-0.840000 0.950466
-0.830000 0.956898
-0.820000 0.952591
-0.810000 1.013330
-0.800000 1.001597
-0.790000 0.949161
-0.780000 0.956658
-0.770000 0.939118
-0.760000 0.958602
-0.750000 0.972515
-0.740000 0.985778
-0.730000 0.938505
-0.720000 0.986043
-0.710000 0.957725
-0.700000 0.975487
-0.690000 0.945981
-0.680000 0.968782
-0.670000 0.988869
-0.660000 0.967198
-0.650000 0.989395
-0.640000 0.986830
-0.630000 0.976939
-0.620000 1.012922
-0.610000 0.999410
-0.600000 1.019030
-0.590000 0.996524
-0.580000 1.024595
-0.570000 0.976124
-0.560000 0.984538
-0.550000 1.007659
-0.540000 1.006580
-0.530000 1.018729
-0.520000 1.023114
-0.510000 1.008964
-0.500000 1.005924
-0.490000 1.004807
-0.480000 0.994944
-0.470000 1.009123
-0.460000 0.998154
-0.450000 1.001168
-0.440000 0.996958
-0.430000 0.992925
-0.420000 1.019075
-0.410000 1.020979
-0.400000 1.020871
-0.390000 1.007885
-0.380000 1.034384
-0.370000 0.996829
-0.360000 0.988045
-0.350000 1.000502
-0.340000 0.991858
-0.330000 1.018055
-0.320000 1.007675
-0.310000 1.032518
-0.300000 1.016297
-0.290000 0.998663
-0.280000 1.007801
-0.270000 1.020105
-0.260000 1.030106
-0.250000 1.016982
-0.240000 1.026519
-0.230000 1.022590
-0.220000 1.014123
-0.210000 1.004584
-0.200000 1.018113
-0.190000 1.020073
-0.180000 1.013379
-0.170000 1.007051
-0.160000 1.019019
-0.150000 1.020000
-0.140000 0.992660
-0.130000 1.002322
-0.120000 1.010397
-0.110000 1.026678
-0.100000 0.997579
-0.090000 1.009272
-0.080000 0.994355
-0.070000 1.031364
-0.060000 1.003053
-0.050000 0.988019
-0.040000 1.016212
-0.030000 1.001540
-0.020000 1.018508
-0.010000 1.014582
0.000000 1.018295
0.010000 1.006271
0.020000 1.005410
0.030000 1.019352
0.040000 1.003971
0.050000 1.013035
0.060000 1.019859
0.070000 1.004523
0.080000 1.028212
0.090000 0.996184
0.100000 1.005867
0.110000 1.004539
0.120000 1.004931
0.130000 1.000924
0.140000 0.971329
0.150000 0.979589
0.160000 0.988126
0.170000 0.965463
0.180000 0.940036
0.190000 0.973516
0.200000 0.960998
0.210000 0.950692
0.220000 0.927011
0.230000 0.928430
0.240000 0.927554
0.250000 0.938483
0.260000 0.925404
0.270000 0.925587
0.280000 0.957745
0.290000 0.924085
0.300000 0.914807
0.310000 0.955774
0.320000 0.955102
0.330000 0.963688
0.340000 0.960320
0.350000 0.976729
0.360000 0.975177
0.370000 0.978397
0.380000 0.989545
0.390000 0.991520
0.400000 0.978355
0.410000 0.994703
0.420000 1.013859
0.430000 0.976693
0.440000 1.009205
0.450000 0.997646
0.460000 1.003470
0.470000 0.991028
0.480000 0.981929
0.490000 1.009583
0.500000 0.991393
0.510000 1.006554
0.520000 1.007181
0.530000 0.993752
0.540000 1.000125
0.550000 1.002642
0.560000 1.015126
0.570000 1.002972
0.580000 1.013301
0.590000 1.011042
0.600000 1.004380
0.610000 1.008116
0.620000 1.013144
0.630000 1.003464
0.640000 1.007346
0.650000 1.010374
0.660000 0.988508
0.670000 1.000561
0.680000 0.984274
0.690000 0.996384
0.700000 0.994951
0.710000 1.003733
0.720000 0.986830
0.730000 1.018324
0.740000 1.030621
0.750000 1.014925
0.760000 0.993667
0.770000 1.015071
0.780000 1.023770
0.790000 1.015077
0.800000 0.994386
0.810000 1.001941
0.820000 0.994449
0.830000 1.000840
0.840000 1.020352
0.850000 0.993752
0.860000 1.011802
0.870000 0.984433
0.880000 1.018066
0.890000 0.969091
0.900000 1.013737
0.910000 0.999749
0.920000 0.989258
0.930000 1.004082
0.940000 0.993168
0.950000 0.993848
0.960000 0.983609
0.970000 1.008164
0.980000 0.998176
0.990000 0.969521
1.000000 1.042432
1.010000 1.000000
