#HCal Efficiency correction map. List of pairs follow: <x_exp, next upper limit> <correction factor>
#Created from SBS8 mag70
-1.530000 1.000000
-1.520000 1.000000
-1.510000 0.976510
-1.500000 0.991768
-1.490000 1.024827
-1.480000 1.024827
-1.470000 0.996854
-1.460000 0.936290
-1.450000 1.010659
-1.440000 1.032496
-1.430000 0.984080
-1.420000 0.988619
-1.410000 1.001397
-1.400000 1.002995
-1.390000 1.008368
-1.380000 1.011339
-1.370000 1.015876
-1.360000 1.001653
-1.350000 1.003981
-1.340000 0.982770
-1.330000 1.000293
-1.320000 0.997681
-1.310000 0.983423
-1.300000 1.012869
-1.290000 0.991768
-1.280000 0.998608
-1.270000 0.994331
-1.260000 1.002316
-1.250000 1.012869
-1.240000 1.009968
-1.230000 0.993622
-1.220000 0.995453
-1.210000 0.999794
-1.200000 1.005859
-1.190000 1.001107
-1.180000 1.000548
-1.170000 1.008518
-1.160000 1.003897
-1.150000 1.003971
-1.140000 0.991955
-1.130000 0.999286
-1.120000 0.998620
-1.110000 0.999040
-1.100000 1.009928
-1.090000 1.011277
-1.080000 0.988495
-1.070000 1.006055
-1.060000 1.011372
-1.050000 0.998356
-1.040000 0.995657
-1.030000 0.989111
-1.020000 0.996559
-1.010000 1.001549
-1.000000 1.011728
-0.990000 1.007165
-0.980000 1.007794
-0.970000 1.002074
-0.960000 0.998340
-0.950000 1.003146
-0.940000 1.000071
-0.930000 1.004233
-0.920000 1.001328
-0.910000 1.003603
-0.900000 1.005527
-0.890000 0.998910
-0.880000 1.011065
-0.870000 0.995516
-0.860000 0.989354
-0.850000 0.996381
-0.840000 0.994710
-0.830000 0.989434
-0.820000 0.997177
-0.810000 0.990306
-0.800000 0.977222
-0.790000 0.961349
-0.780000 0.989936
-0.770000 0.975681
-0.760000 0.974188
-0.750000 0.961953
-0.740000 0.963129
-0.730000 0.982867
-0.720000 0.989993
-0.710000 0.969201
-0.700000 0.972006
-0.690000 0.978384
-0.680000 0.981518
-0.670000 0.991338
-0.660000 0.968774
-0.650000 0.976422
-0.640000 0.974464
-0.630000 0.988535
-0.620000 0.992005
-0.610000 0.983882
-0.600000 0.989743
-0.590000 0.991550
-0.580000 1.002436
-0.570000 0.995722
-0.560000 0.996854
-0.550000 1.000183
-0.540000 0.997779
-0.530000 0.979654
-0.520000 0.998492
-0.510000 0.995334
-0.500000 1.018829
-0.490000 0.995269
-0.480000 0.984054
-0.470000 0.988985
-0.460000 1.008209
-0.450000 1.006176
-0.440000 1.011058
-0.430000 0.995356
-0.420000 1.014791
-0.410000 1.002152
-0.400000 1.013060
-0.390000 1.008333
-0.380000 0.991016
-0.370000 1.008956
-0.360000 1.002426
-0.350000 1.006903
-0.340000 1.011795
-0.330000 1.018215
-0.320000 1.001698
-0.310000 1.006570
-0.300000 1.010796
-0.290000 1.010542
-0.280000 1.010621
-0.270000 0.998345
-0.260000 1.019691
-0.250000 0.998323
-0.240000 1.010242
-0.230000 1.010417
-0.220000 0.995600
-0.210000 1.004835
-0.200000 1.009800
-0.190000 1.015037
-0.180000 1.007780
-0.170000 0.997435
-0.160000 1.011812
-0.150000 1.011200
-0.140000 1.002256
-0.130000 1.015179
-0.120000 0.999372
-0.110000 1.012339
-0.100000 1.006237
-0.090000 1.008061
-0.080000 1.003316
-0.070000 1.013249
-0.060000 1.008819
-0.050000 1.009127
-0.040000 1.007086
-0.030000 1.006600
-0.020000 1.004561
-0.010000 0.999789
0.000000 0.993980
0.010000 1.001453
0.020000 1.019385
0.030000 1.012210
0.040000 1.008145
0.050000 1.005079
0.060000 1.004431
0.070000 0.996988
0.080000 0.984748
0.090000 0.997313
0.100000 1.004510
0.110000 0.994593
0.120000 0.999262
0.130000 0.996666
0.140000 0.980112
0.150000 0.984100
0.160000 0.971731
0.170000 0.960042
0.180000 0.974846
0.190000 0.971460
0.200000 0.968616
0.210000 0.974710
0.220000 0.964320
0.230000 0.974568
0.240000 0.959026
0.250000 0.965103
0.260000 0.970135
0.270000 0.971658
0.280000 0.972481
0.290000 0.985286
0.300000 0.970444
0.310000 0.993458
0.320000 0.979377
0.330000 0.990411
0.340000 0.992635
0.350000 0.991910
0.360000 1.000293
0.370000 0.998808
0.380000 0.996381
0.390000 0.997675
0.400000 1.011303
0.410000 1.006101
0.420000 0.992450
0.430000 0.994413
0.440000 0.992612
0.450000 0.990054
0.460000 1.004726
0.470000 1.013034
0.480000 1.006014
0.490000 1.004683
0.500000 1.002124
0.510000 1.000661
0.520000 1.001173
0.530000 0.988840
0.540000 0.999114
0.550000 1.006726
0.560000 1.004080
0.570000 1.007034
0.580000 1.000082
0.590000 0.992524
0.600000 0.999303
0.610000 0.995066
0.620000 0.992890
0.630000 0.999969
0.640000 0.995866
0.650000 0.993797
0.660000 0.996519
0.670000 0.998963
0.680000 0.995210
0.690000 0.999064
0.700000 1.003078
0.710000 0.994364
0.720000 0.993719
0.730000 0.990889
0.740000 0.995096
0.750000 0.993035
0.760000 1.001213
0.770000 0.991172
0.780000 0.995071
0.790000 0.996416
0.800000 0.993043
0.810000 0.985229
0.820000 1.004704
0.830000 0.990874
0.840000 1.004807
0.850000 1.000619
0.860000 0.997636
0.870000 0.999654
0.880000 1.007613
0.890000 1.004754
0.900000 1.003580
0.910000 1.004009
0.920000 0.992519
0.930000 1.008094
0.940000 1.013499
0.950000 0.994340
0.960000 1.005351
0.970000 1.003405
0.980000 1.000400
0.990000 0.998102
1.000000 1.005098
1.010000 1.016796
1.020000 0.997234
1.030000 0.993249
1.040000 0.991204
1.050000 0.989298
1.060000 0.993277
1.070000 0.993132
1.080000 1.002823
1.090000 1.001505
1.100000 0.991816
1.110000 0.993468
1.120000 0.985856
1.130000 1.008297
1.140000 1.003409
1.150000 0.994838
1.160000 0.989775
1.170000 0.999737
1.180000 0.995224
1.190000 0.998611
1.200000 0.994118
1.210000 1.001858
1.220000 0.997456
1.230000 0.990580
1.240000 0.996780
1.250000 1.003077
1.260000 0.993977
1.270000 0.996465
1.280000 0.993840
1.290000 0.980192
1.300000 0.998096
1.310000 0.988945
1.320000 1.006021
1.330000 0.988945
1.340000 1.001913
1.350000 1.005693
1.360000 0.995704
1.370000 1.016636
1.380000 1.007347
1.390000 1.004784
1.400000 0.997674
1.410000 0.987646
1.420000 0.995145
1.430000 1.005986
1.440000 0.993746
1.450000 0.991322
1.460000 0.990987
1.470000 0.984409
1.480000 0.989000
1.490000 0.988971
1.500000 1.010984
1.510000 1.000000
