#HCal Efficiency correction map. List of pairs follow: <x_exp, next upper limit> <correction factor>
#Created from SBS4 mag0
-1.430000 1.000000
-1.420000 1.000000
-1.410000 1.000000
-1.400000 1.000000
-1.390000 1.000000
-1.380000 1.000000
-1.370000 1.032407
-1.360000 0.950470
-1.350000 0.860339
-1.340000 1.015351
-1.330000 1.034545
-1.320000 1.022575
-1.310000 1.008655
-1.300000 1.024645
-1.290000 0.995901
-1.280000 0.987147
-1.270000 1.027491
-1.260000 0.990681
-1.250000 0.980172
-1.240000 0.971845
-1.230000 0.978563
-1.220000 1.014806
-1.210000 0.987520
-1.200000 1.005567
-1.190000 0.988531
-1.180000 1.020636
-1.170000 1.015447
-1.160000 1.014495
-1.150000 1.018688
-1.140000 0.996653
-1.130000 0.997401
-1.120000 1.027102
-1.110000 1.006979
-1.100000 1.019410
-1.090000 1.029105
-1.080000 1.002623
-1.070000 0.991439
-1.060000 0.998051
-1.050000 0.994879
-1.040000 0.993637
-1.030000 0.995044
-1.020000 1.008552
-1.010000 1.004638
-1.000000 1.032593
-0.990000 1.030066
-0.980000 1.011791
-0.970000 1.006214
-0.960000 0.989699
-0.950000 1.012533
-0.940000 1.029861
-0.930000 1.013668
-0.920000 1.007931
-0.910000 1.023628
-0.900000 1.021759
-0.890000 0.996838
-0.880000 0.990681
-0.870000 0.996925
-0.860000 1.023628
-0.850000 1.013971
-0.840000 0.992266
-0.830000 0.999370
-0.820000 0.987147
-0.810000 0.999321
-0.800000 1.001782
-0.790000 1.020266
-0.780000 1.018870
-0.770000 0.979683
-0.760000 0.998676
-0.750000 0.985073
-0.740000 0.984844
-0.730000 0.962861
-0.720000 1.011287
-0.710000 0.960498
-0.700000 0.962992
-0.690000 0.970548
-0.680000 0.945454
-0.670000 0.988101
-0.660000 0.991439
-0.650000 0.941282
-0.640000 0.977382
-0.630000 0.965521
-0.620000 0.965326
-0.610000 0.892016
-0.600000 0.943287
-0.590000 0.949900
-0.580000 0.970232
-0.570000 0.982039
-0.560000 0.996868
-0.550000 0.981850
-0.540000 0.964400
-0.530000 0.939724
-0.520000 1.000000
-0.510000 0.935974
-0.500000 0.971205
-0.490000 0.981732
-0.480000 0.966509
-0.470000 1.019766
-0.460000 1.017948
-0.450000 1.017948
-0.440000 0.976902
-0.430000 0.936617
-0.420000 1.021482
-0.410000 0.948745
-0.400000 1.021482
-0.390000 0.971845
-0.380000 0.996925
-0.370000 0.985304
-0.360000 1.000213
-0.350000 0.998691
-0.340000 0.985328
-0.330000 1.021224
-0.320000 1.016369
-0.310000 1.010216
-0.300000 0.977857
-0.290000 0.988258
-0.280000 0.988420
-0.270000 1.019766
-0.260000 1.004813
-0.250000 0.990169
-0.240000 0.977663
-0.230000 0.972540
-0.220000 0.997447
-0.210000 0.995790
-0.200000 0.944662
-0.190000 0.994410
-0.180000 1.001722
-0.170000 0.957640
-0.160000 1.028203
-0.150000 0.999470
-0.140000 1.009004
-0.130000 1.006270
-0.120000 1.003518
-0.110000 1.003096
-0.100000 0.994777
-0.090000 1.011909
-0.080000 0.997072
-0.070000 0.994463
-0.060000 0.974520
-0.050000 0.999198
-0.040000 0.992977
-0.030000 0.973797
-0.020000 0.971696
-0.010000 0.981666
0.000000 1.021482
0.010000 0.982278
0.020000 0.983245
0.030000 1.001155
0.040000 0.996668
0.050000 0.998902
0.060000 1.014371
0.070000 1.006187
0.080000 1.001324
0.090000 0.975879
0.100000 0.991160
0.110000 0.966509
0.120000 0.991738
0.130000 1.010495
0.140000 1.012111
0.150000 1.017529
0.160000 1.009847
0.170000 1.011338
0.180000 1.017948
0.190000 1.005791
0.200000 1.008405
0.210000 0.985356
0.220000 0.993535
0.230000 0.991439
0.240000 0.983245
0.250000 0.973413
0.260000 1.012851
0.270000 0.993278
0.280000 1.006867
0.290000 1.006270
0.300000 0.983563
0.310000 1.020281
0.320000 0.977501
0.330000 1.001064
0.340000 0.991179
0.350000 0.969683
0.360000 0.987204
0.370000 0.986448
0.380000 1.000249
0.390000 0.996462
0.400000 0.952061
0.410000 0.966916
0.420000 0.969057
0.430000 0.969683
0.440000 0.977971
0.450000 1.016934
0.460000 1.018155
0.470000 0.991738
0.480000 0.992087
0.490000 0.993692
0.500000 0.984506
0.510000 0.977512
0.520000 0.995044
0.530000 0.997413
0.540000 0.993345
0.550000 1.021109
0.560000 0.987520
0.570000 0.973730
0.580000 1.002644
0.590000 1.008338
0.600000 0.965687
0.610000 0.995172
0.620000 0.984103
0.630000 0.981312
0.640000 0.958517
0.650000 0.996798
0.660000 1.023750
0.670000 1.006764
0.680000 0.991738
0.690000 0.988220
0.700000 1.014698
0.710000 0.979986
0.720000 1.016947
0.730000 0.981782
0.740000 1.004093
0.750000 0.978235
0.760000 1.018167
0.770000 1.000371
0.780000 0.999942
0.790000 1.025513
0.800000 0.986810
0.810000 1.020281
0.820000 1.000614
0.830000 1.013971
0.840000 1.003298
0.850000 0.982936
0.860000 1.002188
0.870000 1.018827
0.880000 1.007673
0.890000 0.992538
0.900000 1.007382
0.910000 1.004315
0.920000 0.986887
0.930000 1.002705
0.940000 0.976316
0.950000 1.021873
0.960000 1.006111
0.970000 1.033321
0.980000 1.019648
0.990000 1.025995
1.000000 1.014806
1.010000 0.991062
1.020000 1.045815
1.030000 0.964096
1.040000 0.973827
1.050000 0.992916
1.060000 1.011224
1.070000 1.020017
1.080000 0.980447
1.090000 1.009465
1.100000 0.967459
1.110000 1.000000
