#HCal Efficiency correction map. List of pairs follow: <y_exp, next upper limit> <correction factor>
#Created from SBS4 mag50
-0.500000 1.000000
-0.490000 1.000000
-0.480000 1.000000
-0.470000 0.757529
-0.460000 1.000000
-0.450000 0.926859
-0.440000 0.886863
-0.430000 0.985574
-0.420000 0.960695
-0.410000 0.993063
-0.400000 0.900591
-0.390000 0.937602
-0.380000 0.970734
-0.370000 0.994139
-0.360000 0.939822
-0.350000 0.987970
-0.340000 0.987884
-0.330000 0.983896
-0.320000 0.939031
-0.310000 0.994839
-0.300000 0.962507
-0.290000 0.970850
-0.280000 0.973966
-0.270000 1.006952
-0.260000 0.976959
-0.250000 0.983896
-0.240000 0.964712
-0.230000 0.975737
-0.220000 0.991783
-0.210000 0.939822
-0.200000 0.984097
-0.190000 0.977258
-0.180000 0.995332
-0.170000 0.979143
-0.160000 0.986478
-0.150000 0.996639
-0.140000 0.994072
-0.130000 0.997623
-0.120000 0.981068
-0.110000 0.958051
-0.100000 0.988649
-0.090000 0.970794
-0.080000 0.992192
-0.070000 0.986273
-0.060000 0.990998
-0.050000 0.979307
-0.040000 0.994941
-0.030000 0.994748
-0.020000 1.030983
-0.010000 0.960768
0.000000 0.939703
0.010000 0.974582
0.020000 1.001551
0.030000 1.034531
0.040000 0.992452
0.050000 0.989906
0.060000 0.976823
0.070000 1.006046
0.080000 0.972229
0.090000 1.009483
0.100000 0.953020
0.110000 1.005795
0.120000 0.999611
0.130000 0.996202
0.140000 1.013411
0.150000 0.987537
0.160000 1.021024
0.170000 1.014990
0.180000 0.997891
0.190000 0.987815
0.200000 1.012917
0.210000 0.991200
0.220000 0.993739
0.230000 1.019007
0.240000 1.016856
0.250000 0.999705
0.260000 1.021327
0.270000 1.010583
0.280000 1.000007
0.290000 0.974390
0.300000 1.014222
0.310000 1.019059
0.320000 1.014481
0.330000 1.024475
0.340000 1.027395
0.350000 1.008182
0.360000 0.992275
0.370000 1.018526
0.380000 0.954458
0.390000 0.970850
0.400000 0.994997
0.410000 1.032827
0.420000 1.031796
0.430000 1.041309
0.440000 1.007003
0.450000 1.011866
0.460000 1.047326
0.470000 0.998156
0.480000 0.980331
0.490000 1.008090
0.500000 0.970429
0.510000 1.003203
0.520000 0.991200
0.530000 0.996535
0.540000 1.047847
0.550000 0.990816
0.560000 1.024892
0.570000 0.987187
0.580000 1.023619
0.590000 0.989643
0.600000 1.010038
0.610000 1.000000
0.620000 0.983896
0.630000 0.938499
0.640000 0.996535
0.650000 1.018526
0.660000 0.995697
0.670000 1.000000
0.680000 0.900591
0.690000 1.010038
0.700000 0.998156
0.710000 1.006543
0.720000 1.000000
0.730000 1.000000
0.740000 1.000000
0.750000 0.972229
0.760000 1.000000
0.770000 1.000000
0.780000 1.000000
0.790000 1.000000
0.800000 1.000000
0.810000 1.000000
