#HCal Efficiency correction map. List of pairs follow: <y_exp, next upper limit> <correction factor>
#Created from SBS11 mag100
-0.500000 1.000000
-0.490000 0.000000
-0.480000 0.000000
-0.470000 0.000000
-0.460000 0.000000
-0.450000 0.000000
-0.440000 0.000000
-0.430000 0.000000
-0.420000 0.000000
-0.410000 0.000000
-0.400000 0.000000
-0.390000 0.000000
-0.380000 0.000000
-0.370000 0.000000
-0.360000 0.000000
-0.350000 0.000000
-0.340000 0.000000
-0.330000 0.000000
-0.320000 0.000000
-0.310000 0.000000
-0.300000 0.000000
-0.290000 0.000000
-0.280000 0.000000
-0.270000 0.000000
-0.260000 0.000000
-0.250000 0.000000
-0.240000 0.000000
-0.230000 0.000000
-0.220000 0.000000
-0.210000 0.000000
-0.200000 0.000000
-0.190000 0.000000
-0.180000 0.000000
-0.170000 1.000000
-0.160000 1.000000
-0.150000 0.000000
-0.140000 1.000000
-0.130000 1.000000
-0.120000 1.000000
-0.110000 1.000000
-0.100000 1.000000
-0.090000 1.047832
-0.080000 1.000000
-0.070000 0.955917
-0.060000 1.000000
-0.050000 1.000000
-0.040000 1.000000
-0.030000 0.873193
-0.020000 1.027042
-0.010000 1.031956
0.000000 1.000000
0.010000 0.972987
0.020000 1.000000
0.030000 1.000000
0.040000 0.988680
0.050000 0.940554
0.060000 1.009023
0.070000 1.000000
0.080000 0.978579
0.090000 1.017722
0.100000 0.945959
0.110000 1.017722
0.120000 1.000000
0.130000 1.000000
0.140000 1.001604
0.150000 0.998933
0.160000 0.989619
0.170000 1.028731
0.180000 1.025298
0.190000 0.918932
0.200000 0.782863
0.210000 0.908121
0.220000 1.040555
0.230000 0.945959
0.240000 0.964879
0.250000 0.882895
0.260000 0.945959
0.270000 1.000000
0.280000 1.000000
0.290000 1.000000
0.300000 1.000000
0.310000 0.924938
0.320000 1.000000
0.330000 0.993257
0.340000 1.000000
0.350000 0.918932
0.360000 1.000000
0.370000 1.000000
0.380000 1.000000
0.390000 1.000000
0.400000 1.000000
0.410000 1.000000
0.420000 1.000000
0.430000 1.000000
0.440000 1.000000
0.450000 1.000000
0.460000 1.000000
0.470000 1.000000
0.480000 1.000000
0.490000 1.000000
0.500000 1.000000
0.510000 1.000000
