#HCal Efficiency correction map. List of pairs follow: <y_exp, next upper limit> <correction factor>
#Created from SBS8 mag70
-0.500000 1.000000
-0.490000 0.986378
-0.480000 0.992224
-0.470000 0.991520
-0.460000 0.993841
-0.450000 0.990774
-0.440000 0.989325
-0.430000 0.978100
-0.420000 0.983599
-0.410000 0.980244
-0.400000 0.986668
-0.390000 0.993494
-0.380000 0.993094
-0.370000 0.991789
-0.360000 0.995367
-0.350000 0.994434
-0.340000 0.989112
-0.330000 0.995123
-0.320000 0.989079
-0.310000 0.990409
-0.300000 0.994186
-0.290000 0.993898
-0.280000 0.988732
-0.270000 0.986011
-0.260000 0.983166
-0.250000 0.991581
-0.240000 0.999792
-0.230000 0.994466
-0.220000 0.998005
-0.210000 1.000911
-0.200000 0.994314
-0.190000 1.002295
-0.180000 1.002197
-0.170000 0.996071
-0.160000 1.000536
-0.150000 0.999005
-0.140000 0.990484
-0.130000 0.995002
-0.120000 0.987495
-0.110000 0.990857
-0.100000 0.997964
-0.090000 0.995638
-0.080000 0.992775
-0.070000 1.004662
-0.060000 1.001598
-0.050000 1.006999
-0.040000 1.003620
-0.030000 1.002619
-0.020000 1.002147
-0.010000 0.998863
0.000000 1.002816
0.010000 1.005305
0.020000 1.000454
0.030000 0.999406
0.040000 0.995200
0.050000 0.987632
0.060000 0.994539
0.070000 0.998102
0.080000 0.996206
0.090000 1.010033
0.100000 1.004089
0.110000 1.005639
0.120000 1.005251
0.130000 1.010686
0.140000 1.001279
0.150000 1.002387
0.160000 1.003220
0.170000 1.009935
0.180000 0.997254
0.190000 0.997994
0.200000 1.009945
0.210000 1.007177
0.220000 1.014344
0.230000 1.008612
0.240000 1.005085
0.250000 1.010628
0.260000 0.997781
0.270000 1.013010
0.280000 1.012683
0.290000 1.013060
0.300000 1.008246
0.310000 1.010420
0.320000 1.020919
0.330000 1.021133
0.340000 1.015567
0.350000 1.016447
0.360000 1.002090
0.370000 1.012502
0.380000 1.005222
0.390000 1.006823
0.400000 1.014179
0.410000 1.010802
0.420000 1.023562
0.430000 1.009714
0.440000 1.001927
0.450000 1.004307
0.460000 1.019885
0.470000 1.017973
0.480000 1.013381
0.490000 1.025559
0.500000 1.001722
0.510000 1.000000
