#HCal Efficiency correction map. List of pairs follow: <y_exp, next upper limit> <correction factor>
#Created from SBS7 mag85
-0.500000 1.000000
-0.490000 0.000000
-0.480000 0.000000
-0.470000 0.000000
-0.460000 0.000000
-0.450000 0.000000
-0.440000 0.000000
-0.430000 0.000000
-0.420000 0.000000
-0.410000 0.000000
-0.400000 0.000000
-0.390000 0.000000
-0.380000 1.000000
-0.370000 0.000000
-0.360000 1.000000
-0.350000 1.000000
-0.340000 1.000000
-0.330000 1.000000
-0.320000 1.000000
-0.310000 1.000000
-0.300000 0.954949
-0.290000 0.972233
-0.280000 1.000000
-0.270000 1.000000
-0.260000 1.006049
-0.250000 1.000000
-0.240000 1.049394
-0.230000 0.881491
-0.220000 0.910235
-0.210000 0.996924
-0.200000 1.000000
-0.190000 1.000000
-0.180000 1.010042
-0.170000 0.905102
-0.160000 0.991677
-0.150000 1.000000
-0.140000 0.927885
-0.130000 0.985878
-0.120000 1.006049
-0.110000 1.000000
-0.100000 1.000000
-0.090000 1.017105
-0.080000 0.901525
-0.070000 1.000000
-0.060000 1.000000
-0.050000 1.049394
-0.040000 1.000000
-0.030000 0.872309
-0.020000 0.985878
-0.010000 1.000000
0.000000 1.000000
0.010000 0.979434
0.020000 0.881491
0.030000 1.037048
0.040000 0.985878
0.050000 0.998564
0.060000 1.000000
0.070000 1.000000
0.080000 1.000000
0.090000 0.972233
0.100000 0.985878
0.110000 1.010042
0.120000 1.049394
0.130000 1.000000
0.140000 1.000000
0.150000 1.000000
0.160000 0.972233
0.170000 1.000000
0.180000 1.000000
0.190000 1.000000
0.200000 1.001694
0.210000 1.000000
0.220000 1.000000
0.230000 1.000000
0.240000 0.954949
0.250000 1.000000
0.260000 1.000000
0.270000 1.000000
0.280000 1.000000
0.290000 1.000000
0.300000 1.000000
0.310000 1.000000
0.320000 1.000000
0.330000 1.000000
0.340000 1.000000
0.350000 1.000000
0.360000 1.000000
0.370000 1.000000
0.380000 1.000000
0.390000 1.000000
0.400000 1.000000
0.410000 1.000000
0.420000 1.000000
0.430000 1.000000
0.440000 1.000000
0.450000 0.000000
0.460000 0.000000
0.470000 1.000000
0.480000 1.000000
0.490000 0.000000
0.500000 1.000000
0.510000 1.000000
