#HCal Efficiency correction map. List of pairs follow: <y_exp, next upper limit> <correction factor>
#Created from SBS9 mag70
-0.500000 1.000000
-0.490000 0.000000
-0.480000 1.029250
-0.470000 0.975079
-0.460000 0.968706
-0.450000 0.949765
-0.440000 0.935242
-0.430000 0.976346
-0.420000 0.933352
-0.410000 0.975407
-0.400000 0.951093
-0.390000 0.964110
-0.380000 0.958314
-0.370000 0.977492
-0.360000 0.976682
-0.350000 0.958979
-0.340000 0.966694
-0.330000 0.985697
-0.320000 0.952042
-0.310000 0.973827
-0.300000 0.973657
-0.290000 0.969414
-0.280000 0.972442
-0.270000 0.961963
-0.260000 0.980105
-0.250000 0.987987
-0.240000 0.972414
-0.230000 0.987714
-0.220000 1.001347
-0.210000 1.002499
-0.200000 0.995996
-0.190000 0.987481
-0.180000 1.000215
-0.170000 0.997952
-0.160000 0.990584
-0.150000 0.990452
-0.140000 0.983813
-0.130000 0.989515
-0.120000 0.981312
-0.110000 0.983842
-0.100000 0.992959
-0.090000 1.002057
-0.080000 1.006405
-0.070000 1.009747
-0.060000 1.014911
-0.050000 1.020104
-0.040000 1.012253
-0.030000 1.014018
-0.020000 1.011579
-0.010000 1.005964
0.000000 1.014342
0.010000 0.990447
0.020000 0.999297
0.030000 0.995598
0.040000 1.009797
0.050000 1.006788
0.060000 0.995443
0.070000 1.009367
0.080000 1.012291
0.090000 1.022627
0.100000 1.025475
0.110000 1.021037
0.120000 1.014769
0.130000 1.024287
0.140000 1.027187
0.150000 1.014065
0.160000 1.005674
0.170000 1.026374
0.180000 1.025767
0.190000 1.015346
0.200000 1.020021
0.210000 1.020631
0.220000 1.031203
0.230000 1.005150
0.240000 1.019936
0.250000 1.028632
0.260000 1.014076
0.270000 1.025088
0.280000 1.014636
0.290000 1.023391
0.300000 1.041239
0.310000 1.004960
0.320000 1.044005
0.330000 1.048670
0.340000 1.039106
0.350000 1.044386
0.360000 1.000000
0.370000 1.009069
0.380000 1.040258
0.390000 1.000000
0.400000 1.000000
0.410000 1.000000
0.420000 1.000000
0.430000 1.000000
0.440000 0.000000
0.450000 1.000000
0.460000 0.000000
0.470000 0.000000
0.480000 0.000000
0.490000 0.000000
0.500000 0.000000
0.510000 1.000000
