#HCal Efficiency correction map. List of pairs follow: <y_exp, next upper limit> <correction factor>
#Created from SBS14 mag70
-0.500000 1.000000
-0.490000 0.000000
-0.480000 0.000000
-0.470000 0.000000
-0.460000 0.000000
-0.450000 0.000000
-0.440000 0.000000
-0.430000 0.000000
-0.420000 1.000000
-0.410000 1.000000
-0.400000 1.000000
-0.390000 1.018367
-0.380000 0.924232
-0.370000 1.010879
-0.360000 0.974591
-0.350000 1.035140
-0.340000 0.981503
-0.330000 0.932065
-0.320000 0.928511
-0.310000 0.900834
-0.300000 0.987469
-0.290000 0.977183
-0.280000 0.963561
-0.270000 0.981050
-0.260000 0.979498
-0.250000 0.995960
-0.240000 0.981503
-0.230000 1.029259
-0.220000 0.974162
-0.210000 1.018367
-0.200000 1.007116
-0.190000 0.970444
-0.180000 1.004633
-0.170000 0.988415
-0.160000 0.967679
-0.150000 0.972211
-0.140000 0.997111
-0.130000 1.023752
-0.120000 0.993590
-0.110000 0.996297
-0.100000 0.983294
-0.090000 1.009312
-0.080000 0.934501
-0.070000 1.008329
-0.060000 1.009445
-0.050000 0.981420
-0.040000 0.992984
-0.030000 1.048930
-0.020000 0.970444
-0.010000 1.026573
0.000000 0.992009
0.010000 0.982425
0.020000 0.976272
0.030000 0.991206
0.040000 1.017132
0.050000 0.997584
0.060000 0.998129
0.070000 1.010879
0.080000 0.989552
0.090000 1.003674
0.100000 0.987787
0.110000 1.003907
0.120000 0.955541
0.130000 0.998986
0.140000 0.957569
0.150000 1.000000
0.160000 1.025672
0.170000 1.011475
0.180000 0.994405
0.190000 0.967421
0.200000 1.023813
0.210000 1.032387
0.220000 0.958463
0.230000 1.010026
0.240000 1.004272
0.250000 1.020763
0.260000 0.958463
0.270000 0.962149
0.280000 0.976547
0.290000 0.963561
0.300000 1.024357
0.310000 1.044575
0.320000 0.910540
0.330000 0.937627
0.340000 0.934501
0.350000 0.890745
0.360000 0.882222
0.370000 1.000000
0.380000 1.000000
0.390000 1.000000
0.400000 1.000000
0.410000 1.000000
0.420000 1.000000
0.430000 1.000000
0.440000 0.000000
0.450000 0.000000
0.460000 1.000000
0.470000 1.000000
0.480000 0.000000
0.490000 0.000000
0.500000 0.000000
0.510000 1.000000
