#HCal Efficiency correction map. List of pairs follow: <y_exp, next upper limit> <correction factor>
#Created from SBS8 mag0
-0.500000 1.000000
-0.490000 0.991512
-0.480000 0.995075
-0.470000 0.987767
-0.460000 0.988720
-0.450000 0.986048
-0.440000 0.988819
-0.430000 0.983831
-0.420000 0.987027
-0.410000 0.999020
-0.400000 0.974475
-0.390000 0.985934
-0.380000 0.992230
-0.370000 0.997422
-0.360000 0.997972
-0.350000 0.990955
-0.340000 0.996042
-0.330000 1.002833
-0.320000 0.999788
-0.310000 0.988969
-0.300000 0.991607
-0.290000 0.992916
-0.280000 0.979126
-0.270000 0.993149
-0.260000 0.986946
-0.250000 0.993708
-0.240000 0.991823
-0.230000 0.997321
-0.220000 0.997586
-0.210000 1.004026
-0.200000 0.998133
-0.190000 1.001944
-0.180000 1.000933
-0.170000 0.999273
-0.160000 1.002331
-0.150000 1.002333
-0.140000 0.991451
-0.130000 0.997558
-0.120000 1.013477
-0.110000 0.999954
-0.100000 0.976151
-0.090000 0.996777
-0.080000 0.979226
-0.070000 0.995882
-0.060000 0.997197
-0.050000 1.009946
-0.040000 1.003433
-0.030000 0.991615
-0.020000 1.012678
-0.010000 1.004339
0.000000 1.001561
0.010000 1.000381
0.020000 1.006620
0.030000 0.993272
0.040000 0.975699
0.050000 0.996045
0.060000 0.989132
0.070000 1.003862
0.080000 0.991547
0.090000 1.001332
0.100000 1.012100
0.110000 1.011456
0.120000 1.001015
0.130000 1.010558
0.140000 1.013606
0.150000 0.988290
0.160000 1.001285
0.170000 1.014277
0.180000 1.004804
0.190000 1.001151
0.200000 1.011923
0.210000 1.009752
0.220000 0.999029
0.230000 1.005905
0.240000 1.006387
0.250000 1.005608
0.260000 1.011945
0.270000 1.000165
0.280000 1.009892
0.290000 1.013896
0.300000 1.022265
0.310000 0.994511
0.320000 1.029238
0.330000 1.022563
0.340000 1.002467
0.350000 0.986624
0.360000 1.010718
0.370000 1.025138
0.380000 1.007019
0.390000 1.019982
0.400000 1.016354
0.410000 1.017001
0.420000 1.011413
0.430000 0.994969
0.440000 1.028906
0.450000 1.029739
0.460000 1.022670
0.470000 1.012606
0.480000 1.035332
0.490000 1.014887
0.500000 1.003159
0.510000 1.000000
