#HCal Efficiency correction map. List of pairs follow: <y_exp, next upper limit> <correction factor>
#Created from SBS8 mag50
-0.500000 1.000000
-0.490000 0.982760
-0.480000 0.974847
-0.470000 0.975941
-0.460000 0.985655
-0.450000 0.962187
-0.440000 0.989561
-0.430000 0.995504
-0.420000 0.994034
-0.410000 0.983208
-0.400000 1.011300
-0.390000 0.995080
-0.380000 0.976656
-0.370000 0.989618
-0.360000 0.999662
-0.350000 0.990629
-0.340000 0.971989
-0.330000 0.994612
-0.320000 0.962720
-0.310000 1.015597
-0.300000 0.959435
-0.290000 0.980756
-0.280000 1.004796
-0.270000 0.969422
-0.260000 0.986685
-0.250000 0.980138
-0.240000 0.987271
-0.230000 0.976585
-0.220000 0.979512
-0.210000 1.015797
-0.200000 0.979195
-0.190000 0.989101
-0.180000 1.019820
-0.170000 0.988909
-0.160000 0.985560
-0.150000 0.975580
-0.140000 0.989978
-0.130000 0.993935
-0.120000 0.976061
-0.110000 0.988106
-0.100000 0.996444
-0.090000 0.983919
-0.080000 0.993734
-0.070000 1.005624
-0.060000 1.011168
-0.050000 0.998454
-0.040000 0.999147
-0.030000 1.020931
-0.020000 0.982398
-0.010000 1.025489
0.000000 0.995299
0.010000 0.999405
0.020000 1.013690
0.030000 0.992572
0.040000 0.981293
0.050000 0.982013
0.060000 0.968606
0.070000 0.995795
0.080000 1.005462
0.090000 0.987187
0.100000 1.026978
0.110000 1.026434
0.120000 1.018953
0.130000 1.013306
0.140000 1.036201
0.150000 0.993241
0.160000 1.018455
0.170000 1.033764
0.180000 0.996101
0.190000 1.004388
0.200000 1.012287
0.210000 1.006835
0.220000 1.007791
0.230000 0.991464
0.240000 0.964542
0.250000 0.986327
0.260000 1.000501
0.270000 1.019159
0.280000 1.001998
0.290000 0.973696
0.300000 0.976908
0.310000 0.972962
0.320000 1.007864
0.330000 1.007984
0.340000 1.034334
0.350000 1.046853
0.360000 0.975514
0.370000 1.008732
0.380000 1.011845
0.390000 1.015566
0.400000 1.003273
0.410000 0.997591
0.420000 0.993897
0.430000 1.011845
0.440000 0.999662
0.450000 0.996303
0.460000 0.982700
0.470000 0.961648
0.480000 1.013620
0.490000 1.008225
0.500000 1.035847
0.510000 1.000000
