#HCal Efficiency correction map. List of pairs follow: <y_exp, next upper limit> <correction factor>
#Created from SBS4 mag30
-0.500000 1.000000
-0.490000 0.661325
-0.480000 0.675496
-0.470000 0.794949
-0.460000 0.872582
-0.450000 0.909322
-0.440000 0.977546
-0.430000 0.936730
-0.420000 0.950845
-0.410000 0.975388
-0.400000 0.954831
-0.390000 0.961532
-0.380000 0.969083
-0.370000 0.994378
-0.360000 0.984694
-0.350000 0.998360
-0.340000 0.985099
-0.330000 0.977305
-0.320000 0.966355
-0.310000 0.991106
-0.300000 0.978369
-0.290000 0.964395
-0.280000 0.963482
-0.270000 0.983670
-0.260000 0.977972
-0.250000 0.975398
-0.240000 0.999958
-0.230000 0.970689
-0.220000 0.990193
-0.210000 0.998117
-0.200000 0.992067
-0.190000 0.996125
-0.180000 0.981428
-0.170000 0.991309
-0.160000 0.982346
-0.150000 1.002175
-0.140000 0.976128
-0.130000 0.992474
-0.120000 1.002779
-0.110000 0.992056
-0.100000 0.986326
-0.090000 0.989926
-0.080000 0.975578
-0.070000 0.994897
-0.060000 1.017859
-0.050000 0.998617
-0.040000 0.999315
-0.030000 0.997010
-0.020000 1.007543
-0.010000 0.983942
0.000000 1.002641
0.010000 0.986506
0.020000 1.016564
0.030000 0.977221
0.040000 0.978767
0.050000 0.996091
0.060000 0.985578
0.070000 0.995015
0.080000 1.013605
0.090000 1.004546
0.100000 0.995448
0.110000 1.013526
0.120000 0.999100
0.130000 1.011562
0.140000 1.000434
0.150000 1.003078
0.160000 1.020661
0.170000 0.998916
0.180000 1.007424
0.190000 1.007556
0.200000 1.004289
0.210000 1.002381
0.220000 0.998721
0.230000 1.010045
0.240000 1.010912
0.250000 1.008685
0.260000 1.000881
0.270000 1.013824
0.280000 1.022313
0.290000 1.003861
0.300000 1.012132
0.310000 1.014482
0.320000 1.007104
0.330000 1.013352
0.340000 1.011741
0.350000 1.006005
0.360000 0.997492
0.370000 0.988681
0.380000 1.003672
0.390000 1.007972
0.400000 1.016685
0.410000 0.996987
0.420000 1.000918
0.430000 1.013858
0.440000 1.012212
0.450000 1.002042
0.460000 1.035217
0.470000 1.032593
0.480000 0.996020
0.490000 0.990280
0.500000 1.011865
0.510000 1.018914
0.520000 1.003537
0.530000 1.003180
0.540000 1.000634
0.550000 1.004689
0.560000 1.018404
0.570000 1.011438
0.580000 1.012088
0.590000 1.000172
0.600000 1.017844
0.610000 0.994054
0.620000 1.018362
0.630000 1.027416
0.640000 1.020317
0.650000 0.985099
0.660000 1.045211
0.670000 0.993240
0.680000 0.949694
0.690000 1.004871
0.700000 0.994054
0.710000 1.003010
0.720000 1.027242
0.730000 0.864965
0.740000 1.049661
0.750000 0.969809
0.760000 0.991988
0.770000 0.839573
0.780000 1.000000
0.790000 1.000000
0.800000 1.000000
0.810000 1.000000
