#HCal Efficiency correction map. List of pairs follow: <y_exp, next upper limit> <correction factor>
#Created from SBS4 mag0
-0.500000 1.000000
-0.490000 0.603587
-0.480000 0.675892
-0.470000 0.702225
-0.460000 0.798437
-0.450000 0.811070
-0.440000 0.931961
-0.430000 0.890587
-0.420000 0.924348
-0.410000 0.965560
-0.400000 0.952576
-0.390000 0.982073
-0.380000 0.992320
-0.370000 1.032271
-0.360000 0.978434
-0.350000 0.995769
-0.340000 0.961268
-0.330000 0.962133
-0.320000 0.991308
-0.310000 0.933753
-0.300000 0.984267
-0.290000 0.963022
-0.280000 0.967697
-0.270000 0.984260
-0.260000 0.990339
-0.250000 0.971691
-0.240000 0.990864
-0.230000 0.966206
-0.220000 0.988642
-0.210000 1.007356
-0.200000 0.994069
-0.190000 0.997665
-0.180000 0.994006
-0.170000 0.983638
-0.160000 1.000522
-0.150000 0.991558
-0.140000 1.000623
-0.130000 0.982226
-0.120000 0.961872
-0.110000 0.989469
-0.100000 0.991194
-0.090000 0.987168
-0.080000 1.009160
-0.070000 0.982423
-0.060000 0.987048
-0.050000 1.001051
-0.040000 1.006715
-0.030000 1.013755
-0.020000 1.001277
-0.010000 1.003310
0.000000 1.005607
0.010000 1.003235
0.020000 1.007461
0.030000 0.996051
0.040000 0.990598
0.050000 0.980399
0.060000 0.980799
0.070000 1.003800
0.080000 0.994382
0.090000 1.014341
0.100000 0.999940
0.110000 1.014351
0.120000 0.998679
0.130000 1.014275
0.140000 1.019389
0.150000 1.011747
0.160000 0.991057
0.170000 1.005022
0.180000 1.025819
0.190000 0.981463
0.200000 1.014549
0.210000 1.008781
0.220000 0.988276
0.230000 0.996169
0.240000 1.005426
0.250000 1.010834
0.260000 1.003951
0.270000 1.001841
0.280000 1.002778
0.290000 1.003251
0.300000 1.004540
0.310000 1.017706
0.320000 1.007262
0.330000 0.986472
0.340000 1.011106
0.350000 1.009458
0.360000 1.012358
0.370000 0.985556
0.380000 1.016957
0.390000 0.994248
0.400000 1.009631
0.410000 0.991308
0.420000 1.029518
0.430000 1.012236
0.440000 1.021348
0.450000 1.012452
0.460000 1.006039
0.470000 0.990388
0.480000 1.008929
0.490000 1.001813
0.500000 1.008271
0.510000 1.016541
0.520000 1.017342
0.530000 1.004790
0.540000 0.976230
0.550000 0.995456
0.560000 1.029518
0.570000 1.030807
0.580000 1.027624
0.590000 1.033629
0.600000 1.000631
0.610000 1.032901
0.620000 1.040772
0.630000 1.035080
0.640000 0.991308
0.650000 0.997316
0.660000 1.028023
0.670000 0.978434
0.680000 0.992785
0.690000 0.936161
0.700000 1.021348
0.710000 1.047632
0.720000 1.047632
0.730000 1.000000
0.740000 0.890587
0.750000 1.000000
0.760000 1.000000
0.770000 1.000000
0.780000 1.000000
0.790000 0.000000
0.800000 1.000000
0.810000 1.000000
