13225, 1
13226, 1, 16
13227, 1
13228, 1, 16
13230, 1
13232, 1, 16
13233, 1, 16
13234, 1
13235, 1, 16
13236, 1, 16
13237, 1, 16
13238, 1
13239, 1, 16
13240, 1
13241, 1, 16
13242, 1, 16
13243, 1, 16
13244, 1, 16
13297, 1, 16, 32
13298, 1, 32
13299, 1, 16, 32
13300, 1, 16, 32
13301, 1, 16, 32
13302, 1, 16
13303, 1, 16, 32
13304, 1, 16, 32
13305, 1, 16, 32
13306, 1, 16, 32
13307, 1, 16, 32
13308, 1, 16, 32, 33
13309, 1, 16, 32
13312, 1, 16, 32
13313, 1, 16, 32
13314, 1, 16, 32
13315, 1, 16, 32
13316, 1, 16, 32
13317, 1, 16, 32
13318, 1, 16, 32
13319, 1, 16, 32
13320, 1, 16, 32
13321, 1, 16, 17, 32
13322, 1, 16, 32
13323, 1, 16, 32
13324, 1, 16, 32, 33
13325, 1, 16, 32
13342, 1, 16, 32
13344, 1, 16, 32
13345, 1, 16, 32
13346, 1, 16, 32
13348, 1, 16, 32
13349, 1, 16, 32
13351, 1, 16, 32
13352, 1, 16, 32
13353, 1, 16, 32
13357, 1, 16, 32
13358, 1, 16, 32
13359, 1, 16, 32
13360, 1, 16, 32
13361, 1, 16, 32
13362, 1, 16, 32, 33
13363, 1, 16, 32
13364, 1, 16, 32
13368, 1, 16, 32
13369, 1, 16, 32
13370, 1, 16, 32
13371, 1, 16, 32
13372, 1, 16, 32
13373, 1, 16, 17, 32
13375, 1, 16, 32
13376, 1, 16, 32
13377, 1, 16, 32
13378, 1, 16, 32
13379, 1, 16, 32
13381, 1, 16, 32
13382, 1, 16, 32
13384, 1, 16, 32
13385, 1, 16, 32, 33
13387, 1, 16, 32
13388, 1, 16, 32
13389, 1, 16, 32
13390, 1, 16, 32
13391, 1, 16, 32
13392, 1, 16, 17, 32
13393, 1, 16, 32
13394, 1, 16, 32
13395, 1, 16, 17, 32
13396, 1, 16, 32
13397, 1, 16, 32, 33
13398, 1, 16, 32
13399, 1, 16, 32
13400, 1, 16, 17, 32
13402, 1, 16, 32
13403, 1, 16, 32
13405, 1, 16, 32
13406, 1, 16, 32
13407, 1, 16, 32
