12307, 1
12308, 1
12309, 1
12310, 1
12311, 1
12312, 1
12313, 1
12314, 1
12315, 1
12316, 1
12318, 1, 32
12319, 1, 32
12320, 1, 32
12321, 1, 32
12322, 1, 32
12323, 1, 32
12333, 1, 32
12335, 1, 32
12336, 1, 32
12337, 1, 32
12338, 1, 32
12339, 1, 32
12340, 1, 32
12341, 1, 32
12342, 1, 32
12343, 1, 32
12344, 1, 32
12345, 1, 32
12346, 1, 32
12347, 1, 32
12348, 1, 32, 33
12349, 1, 32
12355, 1, 32
12356, 1, 32
12357, 1, 32
12358, 1, 32
12359, 1, 32, 33
12360, 1, 32
12362, 1, 32, 33
12363, 1, 32
12364, 1, 32
12366, 1, 32
12367, 1, 32
12368, 1, 32
12369, 1, 32
12370, 1, 32
12371, 1, 32
12372, 1, 32
12373, 1, 32
12374, 1, 32
12375, 1, 32
12376, 1, 32
12377, 1, 32
12378, 1, 32
12379, 1, 32
12380, 1, 32
12382, 1, 32
12383, 1, 32
12384, 1, 32
12385, 1, 32
12387, 1, 32
12388, 1, 32
12394, 1, 32
12395, 1, 32
12396, 1, 32
12400, 1, 32
12401, 1, 32
12403, 1, 32
12404, 1, 32
12405, 1, 32, 33
12406, 1, 32
12407, 1, 32
12408, 1, 32
12409, 1, 32
12410, 1, 32
12411, 1, 32
12412, 1, 32
12414, 1, 32
12415, 1, 32
12416, 1, 32
12423, 1, 32
12424, 1, 32
12425, 1, 32
12427, 1, 32
12428, 1, 32
12429, 1, 32
12471, 1, 32
12472, 1, 32
12491, 1, 32
12496, 1, 32
12497, 1, 32
12524, 1, 16, 32
12525, 1, 16, 32
12526, 1, 16, 32
12548, 1, 32
12561, 1, 32
12563, 1, 32
12575, 1, 32
12576, 1, 32
12587, 1, 32
12588, 1, 32
12625, 1, 16, 32
12626, 1, 16, 32
12657, 1, 32
12658, 1, 32
12675, 1, 16
12676, 1, 16
12677, 1, 16
12691, 1, 16
12692, 1, 16
12704, 1, 16
12705, 1, 16
12716, 1, 16
12730, 1, 16
12731, 1, 16
12747, 1
12758, 1, 16, 32
12765, 1, 16, 32
12776, 1, 16, 32
12777, 1, 16, 32
12803, 1, 16, 32
12808, 1
12809, 1, 16
12810, 1, 16
12812, 1, 16
12822, 1, 16
12823, 1, 16
12894, 1, 16, 32
12895, 1, 16, 32
12896, 1, 16, 32
12897, 1, 16, 32
12902, 1, 16, 32
12903, 1, 16, 32
12904, 1, 16, 32
12906, 1, 16, 32
12907, 1, 16, 32
12908, 1, 16, 32
12909, 1, 16, 32
12910, 1, 16, 32
12911, 1, 16, 32
12912, 1, 16, 32
12913, 1, 16, 32
12914, 1, 16, 32
12915, 1, 16, 32
12916, 1, 16, 32
12917, 1, 16, 32
12918, 1, 16, 32
12919, 1, 16, 32
12920, 1, 16, 32
12921, 1, 16, 32
12923, 1, 16, 32
12930, 1, 16, 32
12931, 1, 16, 32
12932, 1, 16, 32
12933, 1, 16, 32
12934, 1, 16, 32
12935, 1, 16, 32
12936, 1, 16, 32
12939, 1, 16, 32
12940, 1, 16, 32
12946, 1, 16, 32
12957, 1, 16, 32
12959, 1, 16, 32
12960, 1, 16, 32
12961, 1, 16, 32
12962, 1, 16, 32
12963, 1, 16, 32
12965, 1, 16, 32
12968, 1, 16, 32
12969, 1, 16, 32
12970, 1, 16, 32
12971, 1, 16, 32
12972, 1, 16, 32
12973, 1, 16, 32
12974, 1, 16, 32
12975, 1, 16, 17, 32
12976, 1, 16, 32
12977, 1, 16, 32
12979, 1, 16, 32
12980, 1, 16, 32
12982, 1, 16, 32
12983, 1, 16, 32
12984, 1, 16, 32
12986, 1, 16, 32
12987, 1, 16, 32
12988, 1, 16, 17, 32
12989, 1, 16, 32
13000, 1, 16, 32
13027, 1, 16, 32
13028, 1, 16, 32
13029, 1, 16, 32, 33
13030, 1, 16, 32
13034, 1, 16, 32
13035, 1, 16, 32
13036, 1, 16, 32
13038, 1, 16, 32
13039, 1, 16, 32
13040, 1, 16, 17, 32
13041, 1, 16, 32
13042, 1, 16, 32
13043, 1, 16, 32
13044, 1, 16, 32
13045, 1, 16, 32
13048, 1, 16, 32
13049, 1, 16, 32
13050, 1, 16, 32
13051, 1, 16, 32
13052, 1, 16, 32
13053, 1, 16, 32
13054, 1, 16, 32
13055, 1, 16, 32
13056, 1, 16, 32
13057, 1, 16, 32
13058, 1, 16, 32
13059, 1, 16, 32
13060, 1, 16, 32
13061, 1, 16, 32
13062, 1, 16, 32, 33
13063, 1, 16, 32
