13654, 1, 16
13655, 1, 16, 32
13656, 1, 16, 32
13657, 1, 32
13660, 1, 16, 32
13661, 1, 16, 32
13662, 1, 16, 32, 33
13663, 1, 16, 32
13664, 1, 16, 32
13665, 1, 16, 32
13666, 1, 16, 32
13676, 1, 16, 32
13677, 1, 16, 32
13678, 1, 16, 32
13679, 1, 16, 32
13680, 1, 16, 32
13681, 1, 16, 32
13682, 1, 16, 32
13683, 1, 16, 32, 33
13684, 1, 16, 32
13685, 1, 16, 32
13686, 1, 16, 32
13687, 1, 16, 32
13688, 1, 16, 32
13689, 1, 16, 32
13694, 1, 16, 17, 32
13695, 1, 16, 32
13696, 1, 16, 32
13697, 1, 16, 32
13698, 1, 16, 32
13699, 1, 16, 32
13700, 1, 16, 32
13710, 1, 16, 32
13711, 1, 16, 32
13712, 1, 16, 17, 32, 33
13714, 1, 16, 32
13715, 1, 16, 32
13716, 1, 16, 32
13717, 1, 16, 32
13719, 1, 16, 32
13720, 1, 16, 32
13721, 1, 16, 32
13723, 1, 16, 32, 33
13724, 1, 16, 32
13727, 1, 16, 32
13728, 1, 16, 32, 33
13729, 1, 16, 32
13730, 1, 16, 32, 33
13731, 1, 16, 32
13732, 1, 16, 32
13734, 1, 16
13736, 1, 16
13737, 1, 16
13746, 1, 16
13747, 1, 16
13748, 1, 16
13749, 1, 16, 17
13753, 1, 16
13754, 1, 16
13755, 1, 16
13756, 1, 16
13757, 1, 16
13758, 1, 16
13760, 1, 16
13761, 1, 16
13764, 1, 16
13765, 1, 16
13766, 1, 16
13767, 1, 16
13768, 1, 16
13769, 1, 16
13770, 1, 16
13771, 1, 16
13773, 1, 16, 32
13775, 1, 16, 32
13776, 1, 16, 32
13777, 1, 16, 32
13778, 1, 16, 32
13779, 1, 16, 32
13787, 1, 32
13788, 1, 16, 32
13789, 1, 16, 32
13790, 1, 16, 32
13791, 1, 16
13792, 1, 16, 32
13793, 1, 16, 17, 32
13795, 1, 16, 32
13796, 1, 16, 32
13797, 1, 16, 32
13798, 1, 16, 32
13799, 1, 16, 32
