11420, 1
11421, 1
11422, 1
11423, 1
11425, 1
11432, 1
11436, 1
11446, 1
11449, 1
11451, 1
11452, 1
11456, 1
11477, 1
11478, 1
11493, 1
11494, 1
11495, 1
11496, 1
11500, 1
11547, 1
11548, 1
11551, 1
11554, 1
11562, 1, 32, 33
11563, 1, 32
11564, 1, 32
11565, 1, 32
11568, 1, 32
11570, 1, 32
11571, 1, 32
11573, 1, 32
11579, 1, 32
11580, 1, 32
11581, 1, 32, 33
11582, 1, 32
11583, 1, 32, 33
11586, 1, 32
11587, 1, 32
11588, 1, 32
11589, 1
11590, 1, 32
11592, 1, 32
11593, 1, 32, 33
11594, 1, 32
11595, 1, 32
11616, 1, 32
