13444, 1
13445, 1
13446, 1
13447, 1
13448, 1
13449, 1
13450, 1
13451, 1
13452, 1
13453, 1
13454, 1
13455, 1
13459, 1, 16, 32, 33
13460, 1, 16, 32
13461, 1, 16, 17, 32
13463, 1, 16, 32, 33
13464, 1, 16, 17, 32, 33
13465, 1, 16, 17, 32
13466, 1, 16, 32, 33
13468, 1, 16, 32
13470, 1, 16, 32
13472, 1, 16, 32, 33
13473, 1, 16, 32
13474, 1, 16, 32, 33
13475, 1, 16, 32
13476, 1, 16, 32
13477, 1, 16, 17, 32
13478, 1, 16, 32
13479, 1, 16, 32
13482, 1, 16, 32
13483, 1, 16, 32, 33
13484, 1, 16, 32
13485, 1, 16, 32
13486, 1, 16, 32
13487, 1, 16, 32, 33
13488, 1, 16, 32
13489, 1, 16, 32, 33
13490, 1, 16, 32
13491, 1, 16, 32
13492, 1, 16, 32
13493, 1, 16, 32
13494, 1, 16, 32
13495, 1, 16, 32
13496, 1, 16, 32
13497, 1, 16, 32
13502, 1, 16, 32
13503, 1, 16, 32, 33
13504, 1, 16, 32
13505, 1, 16, 17, 32, 33
13536, 1, 16, 32, 33
13537, 1, 16, 32, 33
13538, 1, 16, 17, 32, 33
13539, 1, 16, 32
13540, 1, 16, 32, 33
13541, 1, 16, 32, 33
13542, 1, 16, 17, 32, 33
13543, 1, 16, 32
13544, 1, 16, 32, 33
13545, 1, 16, 32
13546, 1, 16, 32
13547, 1, 16, 32, 33
13548, 1, 16, 32, 33
13549, 1, 16, 17, 32, 33
13550, 1, 16, 32
13551, 1, 32
13552, 1, 16, 17, 32
13554, 1, 16, 32
13556, 1, 16, 32
13557, 1, 16, 32
13558, 1, 16, 32
13559, 1, 16, 32
13560, 1, 16, 32
13561, 1, 16, 32
13562, 1, 16, 32, 33
13563, 1, 16, 32, 33
13564, 1, 16, 32
13565, 1, 16, 32, 33
13566, 1, 16, 17, 32, 33
13567, 1, 16, 32
13568, 1, 16, 32, 33
13569, 1, 16, 32, 33
13570, 1, 16, 32, 33
13571, 1, 16, 32
13573, 1, 16, 32, 33
13574, 1, 16, 17, 32, 33
13575, 1, 16, 17, 32
13576, 1, 16, 32, 33
13577, 1, 16, 17, 32, 33
13578, 1, 16, 32
13580, 1, 16, 32
13581, 1, 16, 32, 33
13582, 1, 16, 32, 33
13583, 1, 16, 32, 33
13584, 1, 16, 32
13585, 1, 16, 32
13586, 1, 16, 32
13587, 1, 16, 32, 33
13588, 1, 16, 17, 32
13589, 1, 16, 32, 33
13590, 1, 16, 32
13591, 1, 16, 32
13592, 1, 16
13593, 1, 16, 32
13596, 1, 16, 32, 33
13597, 1, 16, 32, 33
13608, 1, 16, 32
13609, 1, 16, 32, 33
13610, 1, 16, 32
13612, 1, 16, 17, 32
13613, 1, 16, 32, 33
13614, 1, 16, 32
13615, 1, 16, 32
13616, 1, 16, 32, 33
13617, 1, 16, 32
13618, 1, 16, 32
13619, 1, 16, 32
13620, 1, 16, 32
